uint8_t staticmap_fx[] = {
1,1,1,1,1,1,1,1,1,1,1,1,1,1,1,1,1,1,1,1,1,1,1,1,1,1,1,1,1,1,1,1,1,1,1,1,1,1,1,1,1,1,1,1,1,1,1,1,1,1,1,1,1,1,1,1,1,1,1,1,1,1,1,1,
1,0,0,0,0,0,3,0,0,0,0,0,2,0,0,0,0,0,2,0,0,0,0,0,2,0,0,0,0,0,3,0,0,0,0,0,3,0,0,0,0,0,2,0,0,0,0,0,2,0,0,0,0,0,2,0,0,0,0,0,2,0,0,1,
1,0,0,0,0,0,3,0,0,0,0,0,2,0,0,0,0,0,3,0,0,0,0,0,2,0,0,0,0,0,2,0,0,0,0,0,3,0,0,0,0,0,3,0,0,0,0,0,2,0,0,0,0,0,2,0,0,0,0,0,2,0,0,1,
1,0,0,0,0,0,0,0,0,0,0,0,0,0,0,0,0,0,0,0,0,0,0,0,0,0,0,0,0,0,0,0,0,0,0,0,0,0,0,0,0,0,0,0,0,0,0,0,0,0,0,0,0,0,0,0,0,0,0,0,0,0,0,1,
1,0,0,0,0,0,3,0,0,0,0,0,3,0,0,0,0,0,2,0,0,0,0,0,2,0,0,0,0,0,3,0,0,0,0,0,2,0,0,0,0,0,3,0,0,0,0,0,3,0,0,0,0,0,3,0,0,0,0,0,3,0,0,1,
1,0,0,0,0,0,2,0,0,0,0,0,2,0,0,0,0,0,3,0,0,0,0,0,2,0,0,0,0,0,3,0,0,0,0,0,3,0,0,0,0,0,3,0,0,0,0,0,3,0,0,0,0,0,2,0,0,0,0,0,2,0,0,1,
1,2,2,0,3,3,3,3,2,0,2,3,3,3,2,0,3,3,3,3,2,0,2,3,2,3,2,0,3,2,2,3,2,0,2,2,2,2,2,0,2,2,3,3,2,0,3,2,3,3,2,0,3,3,3,2,2,0,3,3,2,3,3,1,
1,0,0,0,0,0,3,0,0,0,0,0,3,0,0,0,0,0,2,0,0,0,0,0,3,0,0,0,0,0,3,0,0,0,0,0,2,0,0,0,0,0,3,0,0,0,0,0,2,0,0,0,0,0,2,0,0,0,0,0,3,0,0,1,
1,0,0,0,0,0,3,0,0,0,0,0,3,0,0,0,0,0,3,0,0,0,0,0,3,0,0,0,0,0,3,0,0,0,0,0,2,0,0,0,0,0,3,0,0,0,0,0,2,0,0,0,0,0,2,0,0,0,0,0,3,0,0,1,
1,0,0,0,0,0,0,0,0,0,0,0,0,0,0,0,0,0,0,0,0,0,0,0,0,0,0,0,0,0,0,0,0,0,0,0,0,0,0,0,0,0,0,0,0,0,0,0,0,0,0,0,0,0,0,0,0,0,0,0,0,0,0,1,
1,0,0,0,0,0,3,0,0,0,0,0,2,0,0,0,0,0,2,0,0,0,0,0,3,0,0,0,0,0,3,0,0,0,0,0,2,0,0,0,0,0,3,0,0,0,0,0,3,0,0,0,0,0,3,0,0,0,0,0,3,0,0,1,
1,0,0,0,0,0,2,0,0,0,0,0,2,0,0,0,0,0,2,0,0,0,0,0,3,0,0,0,0,0,3,0,0,0,0,0,3,0,0,0,0,0,3,0,0,0,0,0,2,0,0,0,0,0,2,0,0,0,0,0,3,0,0,1,
1,3,3,0,2,3,2,3,2,0,3,3,2,3,2,0,3,3,2,3,2,0,3,3,2,3,3,0,3,3,3,3,2,0,3,3,2,3,2,0,2,2,2,2,2,0,2,2,3,2,3,0,3,3,3,3,3,0,2,3,3,3,2,1,
1,0,0,0,0,0,2,0,0,0,0,0,2,0,0,0,0,0,3,0,0,0,0,0,3,0,0,0,0,0,3,0,0,0,0,0,3,0,0,0,0,0,3,0,0,0,0,0,2,0,0,0,0,0,3,0,0,0,0,0,2,0,0,1,
1,0,0,0,0,0,2,0,0,0,0,0,2,0,0,0,0,0,2,0,0,0,0,0,3,0,0,0,0,0,3,0,0,0,0,0,2,0,0,0,0,0,2,0,0,0,0,0,2,0,0,0,0,0,2,0,0,0,0,0,3,0,0,1,
1,0,0,0,0,0,0,0,0,0,0,0,0,0,0,0,0,0,0,0,0,0,0,0,0,0,0,0,0,0,0,0,0,0,0,0,0,0,0,0,0,0,0,0,0,0,0,0,0,0,0,0,0,0,0,0,0,0,0,0,0,0,0,1,
1,0,0,0,0,0,3,0,0,0,0,0,2,0,0,0,0,0,3,0,0,0,0,0,2,0,0,0,0,0,2,0,0,0,0,0,3,0,0,0,0,0,2,0,0,0,0,0,2,0,0,0,0,0,3,0,0,0,0,0,2,0,0,1,
1,0,0,0,0,0,2,0,0,0,0,0,2,0,0,0,0,0,2,0,0,0,0,0,2,0,0,0,0,0,2,0,0,0,0,0,2,0,0,0,0,0,2,0,0,0,0,0,2,0,0,0,0,0,2,0,0,0,0,0,3,0,0,1,
1,2,3,0,2,3,3,3,2,0,2,3,3,3,2,0,2,3,3,3,2,0,2,2,2,2,2,0,2,3,3,3,3,0,3,3,2,3,2,0,2,2,2,3,3,0,2,3,3,2,3,0,3,2,2,3,3,0,2,3,3,3,3,1,
1,0,0,0,0,0,3,0,0,0,0,0,3,0,0,0,0,0,3,0,0,0,0,0,3,0,0,0,0,0,3,0,0,0,0,0,3,0,0,0,0,0,2,0,0,0,0,0,3,0,0,0,0,0,3,0,0,0,0,0,2,0,0,1,
1,0,0,0,0,0,2,0,0,0,0,0,3,0,0,0,0,0,2,0,0,0,0,0,3,0,0,0,0,0,2,0,0,0,0,0,3,0,0,0,0,0,3,0,0,0,0,0,2,0,0,0,0,0,2,0,0,0,0,0,3,0,0,1,
1,0,0,0,0,0,0,0,0,0,0,0,0,0,0,0,0,0,0,0,0,0,0,0,0,0,0,0,0,0,0,0,0,0,0,0,0,0,0,0,0,0,0,0,0,0,0,0,0,0,0,0,0,0,0,0,0,0,0,0,0,0,0,1,
1,0,0,0,0,0,3,0,0,0,0,0,3,0,0,0,0,0,3,0,0,0,0,0,3,0,0,0,0,0,2,0,0,0,0,0,2,0,0,0,0,0,3,0,0,0,0,0,3,0,0,0,0,0,2,0,0,0,0,0,3,0,0,1,
1,0,0,0,0,0,2,0,0,0,0,0,2,0,0,0,0,0,2,0,0,0,0,0,3,0,0,0,0,0,3,0,0,0,0,0,2,0,0,0,0,0,2,0,0,0,0,0,3,0,0,0,0,0,2,0,0,0,0,0,3,0,0,1,
1,3,2,0,3,2,3,3,2,0,3,3,3,2,3,0,2,2,3,2,3,0,3,3,2,3,2,0,2,2,3,3,3,0,2,3,2,2,3,0,3,3,2,2,2,0,2,2,2,3,3,0,2,2,2,3,3,0,2,3,3,2,2,1,
1,0,0,0,0,0,2,0,0,0,0,0,3,0,0,0,0,0,2,0,0,0,0,0,3,0,0,0,0,0,2,0,0,0,0,0,3,0,0,0,0,0,3,0,0,0,0,0,2,0,0,0,0,0,2,0,0,0,0,0,2,0,0,1,
1,0,0,0,0,0,3,0,0,0,0,0,3,0,0,0,0,0,3,0,0,0,0,0,2,0,0,0,0,0,2,0,0,0,0,0,2,0,0,0,0,0,3,0,0,0,0,0,3,0,0,0,0,0,3,0,0,0,0,0,2,0,0,1,
1,0,0,0,0,0,0,0,0,0,0,0,0,0,0,0,0,0,0,0,0,0,0,0,0,0,0,0,0,0,0,0,0,0,0,0,0,0,0,0,0,0,0,0,0,0,0,0,0,0,0,0,0,0,0,0,0,0,0,0,0,0,0,1,
1,0,0,0,0,0,3,0,0,0,0,0,2,0,0,0,0,0,3,0,0,0,0,0,2,0,0,0,0,0,3,0,0,0,0,0,2,0,0,0,0,0,3,0,0,0,0,0,3,0,0,0,0,0,3,0,0,0,0,0,3,0,0,1,
1,0,0,0,0,0,2,0,0,0,0,0,2,0,0,0,0,0,3,0,0,0,0,0,3,0,0,0,0,0,2,0,0,0,0,0,2,0,0,0,0,0,3,0,0,0,0,0,3,0,0,0,0,0,3,0,0,0,0,0,3,0,0,1,
1,2,3,0,2,2,2,3,3,0,2,3,2,3,3,0,3,2,2,2,3,0,3,2,3,2,2,0,2,2,2,3,3,0,3,3,2,2,2,0,2,2,3,3,3,0,3,2,2,2,2,0,2,2,2,2,3,0,2,3,2,2,3,1,
1,0,0,0,0,0,3,0,0,0,0,0,3,0,0,0,0,0,3,0,0,0,0,0,3,0,0,0,0,0,3,0,0,0,0,0,2,0,0,0,0,0,3,0,0,0,0,0,2,0,0,0,0,0,2,0,0,0,0,0,2,0,0,1,
1,0,0,0,0,0,3,0,0,0,0,0,3,0,0,0,0,0,3,0,0,0,0,0,3,0,0,0,0,0,3,0,0,0,0,0,3,0,0,0,0,0,2,0,0,0,0,0,2,0,0,0,0,0,3,0,0,0,0,0,3,0,0,1,
1,0,0,0,0,0,0,0,0,0,0,0,0,0,0,0,0,0,0,0,0,0,0,0,0,0,0,0,0,0,0,0,0,0,0,0,0,0,0,0,0,0,0,0,0,0,0,0,0,0,0,0,0,0,0,0,0,0,0,0,0,0,0,1,
1,0,0,0,0,0,3,0,0,0,0,0,3,0,0,0,0,0,3,0,0,0,0,0,3,0,0,0,0,0,2,0,0,0,0,0,2,0,0,0,0,0,3,0,0,0,0,0,3,0,0,0,0,0,3,0,0,0,0,0,3,0,0,1,
1,0,0,0,0,0,2,0,0,0,0,0,2,0,0,0,0,0,2,0,0,0,0,0,2,0,0,0,0,0,2,0,0,0,0,0,2,0,0,0,0,0,2,0,0,0,0,0,2,0,0,0,0,0,2,0,0,0,0,0,2,0,0,1,
1,2,3,0,3,2,3,3,2,0,3,2,3,2,2,0,2,2,2,3,3,0,3,2,3,3,2,0,3,2,2,2,2,0,2,3,3,2,3,0,2,3,3,2,3,0,3,3,2,2,2,0,2,3,3,2,3,0,3,3,2,3,2,1,
1,0,0,0,0,0,2,0,0,0,0,0,2,0,0,0,0,0,2,0,0,0,0,0,3,0,0,0,0,0,3,0,0,0,0,0,3,0,0,0,0,0,2,0,0,0,0,0,3,0,0,0,0,0,3,0,0,0,0,0,2,0,0,1,
1,0,0,0,0,0,3,0,0,0,0,0,3,0,0,0,0,0,2,0,0,0,0,0,2,0,0,0,0,0,3,0,0,0,0,0,2,0,0,0,0,0,3,0,0,0,0,0,2,0,0,0,0,0,3,0,0,0,0,0,3,0,0,1,
1,0,0,0,0,0,0,0,0,0,0,0,0,0,0,0,0,0,0,0,0,0,0,0,0,0,0,0,0,0,0,0,0,0,0,0,0,0,0,0,0,0,0,0,0,0,0,0,0,0,0,0,0,0,0,0,0,0,0,0,0,0,0,1,
1,0,0,0,0,0,3,0,0,0,0,0,2,0,0,0,0,0,2,0,0,0,0,0,2,0,0,0,0,0,3,0,0,0,0,0,3,0,0,0,0,0,3,0,0,0,0,0,2,0,0,0,0,0,3,0,0,0,0,0,3,0,0,1,
1,0,0,0,0,0,3,0,0,0,0,0,2,0,0,0,0,0,3,0,0,0,0,0,3,0,0,0,0,0,2,0,0,0,0,0,3,0,0,0,0,0,3,0,0,0,0,0,2,0,0,0,0,0,3,0,0,0,0,0,3,0,0,1,
1,2,2,0,3,3,2,2,3,0,2,2,3,2,2,0,2,3,3,3,3,0,3,3,2,2,2,0,3,3,2,3,2,0,2,2,2,2,2,0,3,2,3,2,3,0,3,2,3,3,3,0,3,3,2,3,2,0,3,3,2,3,2,1,
1,0,0,0,0,0,2,0,0,0,0,0,2,0,0,0,0,0,3,0,0,0,0,0,3,0,0,0,0,0,3,0,0,0,0,0,2,0,0,0,0,0,3,0,0,0,0,0,2,0,0,0,0,0,2,0,0,0,0,0,2,0,0,1,
1,0,0,0,0,0,2,0,0,0,0,0,2,0,0,0,0,0,3,0,0,0,0,0,3,0,0,0,0,0,3,0,0,0,0,0,3,0,0,0,0,0,3,0,0,0,0,0,2,0,0,0,0,0,2,0,0,0,0,0,3,0,0,1,
1,0,0,0,0,0,0,0,0,0,0,0,0,0,0,0,0,0,0,0,0,0,0,0,0,0,0,0,0,0,0,0,0,0,0,0,0,0,0,0,0,0,0,0,0,0,0,0,0,0,0,0,0,0,0,0,0,0,0,0,0,0,0,1,
1,0,0,0,0,0,2,0,0,0,0,0,2,0,0,0,0,0,2,0,0,0,0,0,2,0,0,0,0,0,2,0,0,0,0,0,3,0,0,0,0,0,2,0,0,0,0,0,3,0,0,0,0,0,3,0,0,0,0,0,3,0,0,1,
1,0,0,0,0,0,2,0,0,0,0,0,3,0,0,0,0,0,2,0,0,0,0,0,3,0,0,0,0,0,2,0,0,0,0,0,3,0,0,0,0,0,2,0,0,0,0,0,3,0,0,0,0,0,3,0,0,0,0,0,2,0,0,1,
1,2,2,0,3,2,2,2,2,0,3,2,2,2,2,0,2,3,2,2,2,0,3,2,2,3,2,0,2,3,3,3,2,0,2,2,3,3,2,0,2,3,2,3,3,0,2,3,3,3,2,0,2,3,3,2,3,0,2,2,3,2,3,1,
1,0,0,0,0,0,2,0,0,0,0,0,3,0,0,0,0,0,3,0,0,0,0,0,3,0,0,0,0,0,2,0,0,0,0,0,2,0,0,0,0,0,3,0,0,0,0,0,3,0,0,0,0,0,2,0,0,0,0,0,2,0,0,1,
1,0,0,0,0,0,3,0,0,0,0,0,2,0,0,0,0,0,3,0,0,0,0,0,2,0,0,0,0,0,3,0,0,0,0,0,3,0,0,0,0,0,3,0,0,0,0,0,3,0,0,0,0,0,2,0,0,0,0,0,3,0,0,1,
1,0,0,0,0,0,0,0,0,0,0,0,0,0,0,0,0,0,0,0,0,0,0,0,0,0,0,0,0,0,0,0,0,0,0,0,0,0,0,0,0,0,0,0,0,0,0,0,0,0,0,0,0,0,0,0,0,0,0,0,0,0,0,1,
1,0,0,0,0,0,2,0,0,0,0,0,2,0,0,0,0,0,3,0,0,0,0,0,2,0,0,0,0,0,3,0,0,0,0,0,3,0,0,0,0,0,3,0,0,0,0,0,3,0,0,0,0,0,2,0,0,0,0,0,2,0,0,1,
1,0,0,0,0,0,3,0,0,0,0,0,2,0,0,0,0,0,2,0,0,0,0,0,3,0,0,0,0,0,2,0,0,0,0,0,2,0,0,0,0,0,3,0,0,0,0,0,3,0,0,0,0,0,2,0,0,0,0,0,3,0,0,1,
1,2,2,0,2,2,3,3,2,0,3,3,3,2,3,0,3,2,3,3,3,0,2,3,3,2,3,0,3,3,2,2,3,0,3,3,3,2,3,0,3,2,3,2,2,0,3,2,2,3,3,0,3,3,3,3,3,0,2,3,2,3,3,1,
1,0,0,0,0,0,2,0,0,0,0,0,2,0,0,0,0,0,3,0,0,0,0,0,3,0,0,0,0,0,2,0,0,0,0,0,2,0,0,0,0,0,3,0,0,0,0,0,3,0,0,0,0,0,3,0,0,0,0,0,2,0,0,1,
1,0,0,0,0,0,2,0,0,0,0,0,2,0,0,0,0,0,2,0,0,0,0,0,3,0,0,0,0,0,3,0,0,0,0,0,2,0,0,0,0,0,2,0,0,0,0,0,2,0,0,0,0,0,2,0,0,0,0,0,3,0,0,1,
1,0,0,0,0,0,0,0,0,0,0,0,0,0,0,0,0,0,0,0,0,0,0,0,0,0,0,0,0,0,0,0,0,0,0,0,0,0,0,0,0,0,0,0,0,0,0,0,0,0,0,0,0,0,0,0,0,0,0,0,0,0,0,1,
1,0,0,0,0,0,3,0,0,0,0,0,3,0,0,0,0,0,2,0,0,0,0,0,2,0,0,0,0,0,3,0,0,0,0,0,2,0,0,0,0,0,3,0,0,0,0,0,2,0,0,0,0,0,3,0,0,0,0,0,2,0,0,1,
1,0,0,0,0,0,2,0,0,0,0,0,2,0,0,0,0,0,2,0,0,0,0,0,3,0,0,0,0,0,2,0,0,0,0,0,3,0,0,0,0,0,3,0,0,0,0,0,2,0,0,0,0,0,2,0,0,0,0,0,2,0,0,1,
1,3,2,0,2,2,2,2,2,0,2,3,3,2,2,0,3,3,2,3,2,0,2,3,3,2,2,0,3,3,3,3,2,0,3,2,3,2,2,0,2,2,3,3,2,0,3,2,2,3,3,0,3,3,3,2,3,0,3,3,2,2,2,1,
1,0,0,0,0,0,2,0,0,0,0,0,3,0,0,0,0,0,2,0,0,0,0,0,3,0,0,0,0,0,3,0,0,0,0,0,2,0,0,0,0,0,3,0,0,0,0,0,3,0,0,0,0,0,3,0,0,0,0,0,3,0,0,1,
1,0,0,0,0,0,2,0,0,0,0,0,2,0,0,0,0,0,3,0,0,0,0,0,3,0,0,0,0,0,3,0,0,0,0,0,2,0,0,0,0,0,3,0,0,0,0,0,2,0,0,0,0,0,3,0,0,0,0,0,3,0,0,1,
1,1,1,1,1,1,1,1,1,1,1,1,1,1,1,1,1,1,1,1,1,1,1,1,1,1,1,1,1,1,1,1,1,1,1,1,1,1,1,1,1,1,1,1,1,1,1,1,1,1,1,1,1,1,1,1,1,1,1,1,1,1,1,1,
}

uint8_t staticsprites_fx[] = {
0,0, 0,0, 0,0, 0,0, 0,0, 0,0, 0,0, 0,0, 0,0, 0,0, 0,0, 0,0, 0,0, 0,0, 0,0, 0,0, 0,0, 0,0, 0,0, 0,0, 0,0, 0,0, 0,0, 0,0, 0,0, 0,0, 0,0, 0,0, 0,0, 0,0, 0,0, 0,0, 0,0, 0,0, 0,0, 0,0, 0,0, 0,0, 0,0, 0,0, 0,0, 0,0, 0,0, 0,0, 0,0, 0,0, 0,0, 0,0, 0,0, 0,0, 0,0, 0,0, 0,0, 0,0, 0,0, 0,0, 0,0, 0,0, 0,0, 0,0, 0,0, 0,0, 0,0, 0,0, 
0,0, 0,0, 0,0, 0,0, 11,69, 0,0, 0,0, 0,0, 0,0, 0,0, 0,0, 0,0, 0,0, 0,0, 0,0, 0,0, 11,67, 0,0, 0,0, 11,55, 11,81, 0,0, 0,0, 0,0, 0,0, 0,0, 0,0, 0,0, 0,0, 0,0, 0,0, 0,0, 0,0, 0,0, 11,170, 0,0, 11,206, 0,0, 0,0, 0,0, 0,0, 11,96, 0,0, 0,0, 0,0, 11,159, 0,0, 0,0, 0,0, 0,0, 0,0, 0,0, 0,0, 0,0, 0,0, 0,0, 0,0, 0,0, 0,0, 0,0, 0,0, 0,0, 0,0, 0,0, 
0,0, 11,0, 0,0, 0,0, 0,0, 0,0, 0,0, 0,0, 0,0, 11,208, 0,0, 0,0, 11,186, 0,0, 0,0, 0,0, 0,0, 0,0, 0,0, 0,0, 0,0, 0,0, 0,0, 0,0, 0,0, 0,0, 0,0, 0,0, 0,0, 0,0, 0,0, 0,0, 0,0, 0,0, 0,0, 0,0, 0,0, 0,0, 11,104, 0,0, 0,0, 0,0, 11,43, 0,0, 0,0, 0,0, 0,0, 11,203, 0,0, 0,0, 0,0, 11,57, 0,0, 0,0, 0,0, 0,0, 11,233, 11,173, 0,0, 0,0, 0,0, 0,0, 0,0, 0,0, 
0,0, 11,52, 0,0, 0,0, 11,26, 0,0, 0,0, 0,0, 0,0, 0,0, 0,0, 0,0, 0,0, 0,0, 0,0, 0,0, 0,0, 0,0, 0,0, 0,0, 0,0, 0,0, 11,29, 0,0, 0,0, 0,0, 0,0, 0,0, 0,0, 0,0, 0,0, 0,0, 11,200, 0,0, 0,0, 0,0, 0,0, 0,0, 11,242, 11,98, 0,0, 0,0, 0,0, 0,0, 0,0, 0,0, 0,0, 0,0, 11,148, 0,0, 0,0, 0,0, 0,0, 0,0, 11,84, 0,0, 0,0, 0,0, 0,0, 0,0, 0,0, 0,0, 0,0, 0,0, 
0,0, 0,0, 0,0, 0,0, 0,0, 0,0, 0,0, 0,0, 0,0, 0,0, 0,0, 0,0, 0,0, 0,0, 0,0, 0,0, 0,0, 0,0, 0,0, 0,0, 0,0, 11,143, 0,0, 0,0, 0,0, 11,179, 0,0, 0,0, 0,0, 0,0, 11,142, 0,0, 0,0, 0,0, 0,0, 0,0, 0,0, 0,0, 11,159, 0,0, 0,0, 0,0, 0,0, 0,0, 0,0, 0,0, 0,0, 0,0, 0,0, 0,0, 0,0, 0,0, 11,243, 0,0, 0,0, 0,0, 0,0, 0,0, 0,0, 0,0, 0,0, 0,0, 0,0, 0,0, 
0,0, 0,0, 0,0, 11,53, 11,32, 0,0, 0,0, 0,0, 0,0, 0,0, 0,0, 0,0, 0,0, 0,0, 0,0, 0,0, 11,160, 0,0, 0,0, 0,0, 11,57, 0,0, 0,0, 0,0, 0,0, 0,0, 11,149, 11,50, 11,107, 0,0, 0,0, 0,0, 0,0, 0,0, 0,0, 11,87, 0,0, 0,0, 11,180, 0,0, 0,0, 0,0, 0,0, 0,0, 0,0, 0,0, 0,0, 0,0, 0,0, 0,0, 0,0, 0,0, 0,0, 0,0, 0,0, 0,0, 0,0, 0,0, 0,0, 0,0, 0,0, 0,0, 11,48, 0,0, 
0,0, 0,0, 0,0, 11,35, 0,0, 0,0, 0,0, 0,0, 0,0, 0,0, 0,0, 11,78, 0,0, 0,0, 0,0, 0,0, 0,0, 0,0, 0,0, 0,0, 11,154, 0,0, 0,0, 0,0, 0,0, 0,0, 0,0, 0,0, 0,0, 0,0, 0,0, 0,0, 0,0, 11,124, 0,0, 0,0, 0,0, 0,0, 11,213, 0,0, 0,0, 0,0, 0,0, 0,0, 11,44, 0,0, 0,0, 0,0, 0,0, 0,0, 0,0, 0,0, 0,0, 0,0, 0,0, 0,0, 0,0, 0,0, 0,0, 0,0, 0,0, 0,0, 0,0, 0,0, 
0,0, 11,232, 0,0, 11,16, 0,0, 11,15, 0,0, 0,0, 0,0, 0,0, 0,0, 0,0, 0,0, 0,0, 0,0, 0,0, 0,0, 0,0, 0,0, 0,0, 0,0, 0,0, 0,0, 0,0, 0,0, 0,0, 0,0, 0,0, 0,0, 0,0, 0,0, 0,0, 0,0, 0,0, 0,0, 0,0, 0,0, 11,82, 0,0, 0,0, 11,237, 0,0, 0,0, 0,0, 0,0, 0,0, 0,0, 0,0, 0,0, 11,94, 0,0, 0,0, 11,33, 0,0, 11,31, 0,0, 0,0, 0,0, 0,0, 0,0, 0,0, 11,109, 0,0, 0,0, 
0,0, 0,0, 0,0, 0,0, 0,0, 11,100, 0,0, 0,0, 0,0, 0,0, 0,0, 0,0, 0,0, 0,0, 0,0, 0,0, 0,0, 11,105, 11,148, 0,0, 0,0, 0,0, 11,187, 0,0, 0,0, 0,0, 0,0, 0,0, 0,0, 0,0, 0,0, 0,0, 0,0, 0,0, 0,0, 0,0, 0,0, 0,0, 0,0, 0,0, 0,0, 0,0, 0,0, 0,0, 0,0, 0,0, 0,0, 0,0, 0,0, 0,0, 11,13, 0,0, 0,0, 11,6, 0,0, 0,0, 0,0, 0,0, 0,0, 0,0, 11,6, 0,0, 0,0, 0,0, 
0,0, 0,0, 0,0, 0,0, 11,175, 0,0, 0,0, 0,0, 0,0, 0,0, 11,15, 0,0, 0,0, 0,0, 0,0, 0,0, 0,0, 0,0, 11,252, 0,0, 0,0, 0,0, 0,0, 0,0, 0,0, 0,0, 0,0, 11,213, 0,0, 0,0, 11,231, 0,0, 11,171, 0,0, 0,0, 0,0, 11,250, 0,0, 0,0, 0,0, 0,0, 0,0, 0,0, 0,0, 0,0, 0,0, 0,0, 11,104, 0,0, 0,0, 0,0, 0,0, 0,0, 0,0, 0,0, 0,0, 0,0, 0,0, 11,195, 0,0, 0,0, 0,0, 0,0, 0,0, 
0,0, 0,0, 0,0, 11,208, 0,0, 0,0, 0,0, 0,0, 0,0, 11,235, 0,0, 0,0, 0,0, 0,0, 0,0, 0,0, 11,91, 0,0, 0,0, 0,0, 0,0, 0,0, 0,0, 11,37, 0,0, 0,0, 0,0, 0,0, 0,0, 0,0, 0,0, 0,0, 0,0, 11,84, 0,0, 0,0, 0,0, 11,231, 0,0, 0,0, 0,0, 11,146, 0,0, 11,119, 11,1, 0,0, 0,0, 0,0, 0,0, 0,0, 0,0, 0,0, 0,0, 0,0, 0,0, 0,0, 0,0, 0,0, 0,0, 0,0, 0,0, 0,0, 0,0, 0,0, 
0,0, 0,0, 0,0, 0,0, 0,0, 0,0, 0,0, 11,50, 0,0, 0,0, 0,0, 0,0, 0,0, 0,0, 0,0, 0,0, 11,92, 0,0, 0,0, 0,0, 0,0, 0,0, 11,155, 11,108, 11,93, 0,0, 0,0, 0,0, 0,0, 11,88, 0,0, 0,0, 0,0, 11,56, 0,0, 11,108, 0,0, 11,179, 0,0, 0,0, 0,0, 0,0, 0,0, 0,0, 11,74, 11,173, 0,0, 0,0, 11,113, 0,0, 0,0, 0,0, 0,0, 0,0, 0,0, 0,0, 0,0, 0,0, 0,0, 0,0, 0,0, 0,0, 0,0, 0,0, 
0,0, 11,65, 0,0, 0,0, 0,0, 0,0, 0,0, 0,0, 0,0, 0,0, 0,0, 0,0, 0,0, 0,0, 0,0, 0,0, 0,0, 0,0, 0,0, 11,1, 0,0, 0,0, 0,0, 0,0, 0,0, 0,0, 0,0, 0,0, 11,226, 0,0, 0,0, 0,0, 0,0, 0,0, 0,0, 0,0, 0,0, 0,0, 0,0, 0,0, 0,0, 0,0, 0,0, 0,0, 0,0, 0,0, 0,0, 0,0, 0,0, 0,0, 0,0, 0,0, 0,0, 0,0, 0,0, 0,0, 11,220, 0,0, 0,0, 0,0, 11,5, 0,0, 0,0, 0,0, 
0,0, 0,0, 0,0, 0,0, 11,163, 0,0, 0,0, 0,0, 11,133, 0,0, 0,0, 0,0, 0,0, 11,156, 0,0, 0,0, 0,0, 11,94, 0,0, 11,128, 0,0, 0,0, 0,0, 0,0, 0,0, 0,0, 0,0, 0,0, 0,0, 0,0, 0,0, 0,0, 0,0, 0,0, 0,0, 0,0, 0,0, 0,0, 0,0, 11,69, 0,0, 0,0, 0,0, 0,0, 0,0, 0,0, 0,0, 11,236, 11,89, 0,0, 11,25, 0,0, 0,0, 0,0, 0,0, 0,0, 0,0, 0,0, 0,0, 0,0, 0,0, 0,0, 0,0, 0,0, 
0,0, 0,0, 0,0, 0,0, 0,0, 0,0, 0,0, 0,0, 0,0, 0,0, 11,57, 11,199, 0,0, 0,0, 0,0, 0,0, 0,0, 0,0, 11,186, 0,0, 0,0, 0,0, 0,0, 0,0, 0,0, 0,0, 11,223, 0,0, 0,0, 0,0, 0,0, 0,0, 11,143, 0,0, 0,0, 0,0, 11,79, 0,0, 0,0, 0,0, 0,0, 0,0, 0,0, 0,0, 0,0, 0,0, 11,144, 0,0, 0,0, 0,0, 0,0, 0,0, 0,0, 0,0, 11,207, 0,0, 0,0, 0,0, 0,0, 0,0, 0,0, 0,0, 0,0, 0,0, 
0,0, 0,0, 0,0, 0,0, 0,0, 0,0, 11,134, 0,0, 0,0, 0,0, 0,0, 0,0, 0,0, 0,0, 0,0, 0,0, 0,0, 0,0, 0,0, 0,0, 0,0, 0,0, 0,0, 0,0, 0,0, 0,0, 0,0, 0,0, 0,0, 11,93, 0,0, 0,0, 0,0, 0,0, 11,29, 0,0, 0,0, 0,0, 0,0, 0,0, 0,0, 0,0, 11,60, 0,0, 0,0, 0,0, 0,0, 0,0, 0,0, 0,0, 0,0, 0,0, 0,0, 0,0, 11,16, 0,0, 0,0, 0,0, 0,0, 0,0, 0,0, 0,0, 0,0, 0,0, 
0,0, 0,0, 0,0, 0,0, 11,187, 0,0, 0,0, 0,0, 11,2, 0,0, 0,0, 0,0, 0,0, 0,0, 0,0, 0,0, 0,0, 0,0, 0,0, 0,0, 0,0, 0,0, 0,0, 0,0, 0,0, 0,0, 0,0, 0,0, 0,0, 0,0, 0,0, 0,0, 0,0, 0,0, 0,0, 0,0, 0,0, 0,0, 11,64, 0,0, 0,0, 0,0, 0,0, 0,0, 0,0, 0,0, 0,0, 0,0, 0,0, 0,0, 0,0, 11,46, 0,0, 0,0, 0,0, 0,0, 0,0, 0,0, 0,0, 0,0, 0,0, 0,0, 0,0, 0,0, 
0,0, 0,0, 0,0, 0,0, 0,0, 0,0, 0,0, 0,0, 0,0, 0,0, 0,0, 0,0, 0,0, 0,0, 0,0, 0,0, 0,0, 0,0, 0,0, 0,0, 0,0, 0,0, 0,0, 0,0, 0,0, 0,0, 0,0, 0,0, 0,0, 0,0, 0,0, 0,0, 0,0, 0,0, 0,0, 0,0, 0,0, 0,0, 0,0, 11,205, 0,0, 0,0, 0,0, 0,0, 0,0, 0,0, 0,0, 0,0, 11,167, 0,0, 11,101, 0,0, 0,0, 0,0, 0,0, 0,0, 0,0, 0,0, 0,0, 0,0, 0,0, 11,92, 0,0, 0,0, 
0,0, 0,0, 0,0, 0,0, 0,0, 0,0, 0,0, 11,98, 0,0, 0,0, 0,0, 0,0, 0,0, 0,0, 0,0, 0,0, 11,204, 0,0, 0,0, 0,0, 0,0, 0,0, 0,0, 0,0, 0,0, 0,0, 0,0, 0,0, 0,0, 0,0, 0,0, 0,0, 0,0, 0,0, 0,0, 0,0, 0,0, 0,0, 0,0, 0,0, 0,0, 11,172, 0,0, 0,0, 0,0, 0,0, 0,0, 0,0, 0,0, 0,0, 0,0, 0,0, 0,0, 0,0, 0,0, 0,0, 0,0, 11,85, 0,0, 0,0, 11,175, 11,214, 0,0, 0,0, 
0,0, 11,84, 0,0, 0,0, 0,0, 0,0, 0,0, 0,0, 0,0, 0,0, 0,0, 0,0, 0,0, 0,0, 0,0, 0,0, 0,0, 0,0, 11,234, 0,0, 0,0, 0,0, 0,0, 0,0, 0,0, 0,0, 0,0, 0,0, 11,63, 0,0, 0,0, 0,0, 0,0, 0,0, 0,0, 0,0, 0,0, 11,241, 0,0, 0,0, 0,0, 0,0, 11,75, 0,0, 0,0, 11,36, 0,0, 0,0, 0,0, 0,0, 0,0, 0,0, 0,0, 0,0, 0,0, 0,0, 0,0, 11,149, 0,0, 11,206, 0,0, 11,69, 0,0, 0,0, 
0,0, 0,0, 0,0, 11,77, 0,0, 0,0, 11,202, 11,59, 0,0, 0,0, 0,0, 0,0, 0,0, 0,0, 0,0, 0,0, 0,0, 0,0, 0,0, 0,0, 0,0, 0,0, 0,0, 0,0, 0,0, 11,194, 0,0, 0,0, 0,0, 0,0, 0,0, 0,0, 0,0, 0,0, 0,0, 0,0, 0,0, 0,0, 11,196, 0,0, 0,0, 11,55, 0,0, 0,0, 0,0, 0,0, 0,0, 0,0, 0,0, 0,0, 0,0, 0,0, 0,0, 0,0, 0,0, 11,89, 0,0, 0,0, 0,0, 11,237, 0,0, 0,0, 0,0, 0,0, 
0,0, 0,0, 0,0, 0,0, 0,0, 0,0, 11,86, 0,0, 0,0, 11,215, 0,0, 0,0, 0,0, 0,0, 0,0, 0,0, 0,0, 0,0, 0,0, 0,0, 0,0, 0,0, 0,0, 0,0, 11,231, 0,0, 11,125, 0,0, 0,0, 11,231, 0,0, 11,34, 0,0, 11,152, 11,112, 0,0, 0,0, 0,0, 0,0, 0,0, 0,0, 0,0, 0,0, 0,0, 0,0, 0,0, 0,0, 0,0, 0,0, 0,0, 11,194, 0,0, 11,79, 0,0, 0,0, 0,0, 0,0, 11,253, 0,0, 11,22, 0,0, 0,0, 0,0, 0,0, 
0,0, 0,0, 0,0, 0,0, 0,0, 0,0, 0,0, 0,0, 0,0, 0,0, 0,0, 0,0, 11,141, 0,0, 0,0, 0,0, 0,0, 0,0, 0,0, 0,0, 11,61, 0,0, 0,0, 0,0, 0,0, 0,0, 0,0, 0,0, 0,0, 0,0, 11,85, 0,0, 0,0, 0,0, 0,0, 0,0, 0,0, 0,0, 0,0, 0,0, 0,0, 0,0, 0,0, 0,0, 0,0, 0,0, 0,0, 0,0, 0,0, 0,0, 11,241, 0,0, 0,0, 0,0, 0,0, 11,195, 0,0, 11,86, 0,0, 0,0, 0,0, 0,0, 0,0, 0,0, 
0,0, 0,0, 11,245, 11,57, 0,0, 0,0, 0,0, 0,0, 0,0, 0,0, 0,0, 0,0, 0,0, 0,0, 0,0, 0,0, 0,0, 0,0, 0,0, 11,88, 0,0, 0,0, 0,0, 0,0, 0,0, 0,0, 11,240, 0,0, 0,0, 11,77, 0,0, 0,0, 0,0, 0,0, 0,0, 0,0, 0,0, 0,0, 0,0, 0,0, 0,0, 0,0, 11,168, 0,0, 0,0, 0,0, 0,0, 0,0, 0,0, 0,0, 0,0, 0,0, 0,0, 0,0, 0,0, 11,80, 0,0, 0,0, 0,0, 0,0, 0,0, 0,0, 0,0, 0,0, 
0,0, 0,0, 0,0, 11,130, 0,0, 11,110, 0,0, 11,156, 0,0, 0,0, 0,0, 0,0, 0,0, 11,180, 0,0, 0,0, 0,0, 0,0, 0,0, 0,0, 0,0, 11,137, 11,190, 0,0, 0,0, 0,0, 0,0, 0,0, 0,0, 0,0, 11,117, 0,0, 0,0, 0,0, 0,0, 0,0, 0,0, 0,0, 0,0, 11,191, 0,0, 0,0, 0,0, 0,0, 0,0, 0,0, 0,0, 0,0, 0,0, 0,0, 0,0, 0,0, 0,0, 11,169, 0,0, 0,0, 0,0, 0,0, 0,0, 0,0, 0,0, 0,0, 0,0, 0,0, 
0,0, 0,0, 0,0, 0,0, 0,0, 0,0, 0,0, 0,0, 0,0, 11,234, 0,0, 0,0, 0,0, 0,0, 0,0, 0,0, 11,203, 0,0, 0,0, 0,0, 0,0, 0,0, 0,0, 0,0, 0,0, 0,0, 11,229, 0,0, 0,0, 0,0, 0,0, 0,0, 0,0, 0,0, 0,0, 0,0, 11,234, 0,0, 0,0, 0,0, 0,0, 0,0, 0,0, 0,0, 11,25, 0,0, 0,0, 0,0, 0,0, 0,0, 0,0, 0,0, 0,0, 0,0, 11,254, 0,0, 0,0, 0,0, 0,0, 0,0, 0,0, 0,0, 0,0, 0,0, 
0,0, 0,0, 0,0, 0,0, 11,147, 0,0, 0,0, 0,0, 0,0, 0,0, 0,0, 0,0, 11,199, 0,0, 0,0, 0,0, 0,0, 0,0, 0,0, 0,0, 0,0, 0,0, 0,0, 0,0, 0,0, 0,0, 0,0, 0,0, 0,0, 11,137, 0,0, 0,0, 11,247, 0,0, 11,205, 0,0, 0,0, 0,0, 0,0, 0,0, 0,0, 0,0, 0,0, 0,0, 0,0, 0,0, 0,0, 0,0, 0,0, 0,0, 0,0, 11,102, 0,0, 0,0, 0,0, 0,0, 11,71, 0,0, 0,0, 0,0, 0,0, 11,65, 0,0, 0,0, 
0,0, 0,0, 0,0, 0,0, 0,0, 0,0, 0,0, 0,0, 0,0, 0,0, 0,0, 0,0, 0,0, 0,0, 0,0, 0,0, 0,0, 0,0, 11,24, 0,0, 0,0, 0,0, 0,0, 0,0, 0,0, 0,0, 0,0, 0,0, 11,97, 0,0, 0,0, 0,0, 0,0, 0,0, 0,0, 0,0, 0,0, 11,82, 0,0, 0,0, 11,59, 0,0, 11,80, 11,54, 0,0, 0,0, 0,0, 0,0, 0,0, 0,0, 0,0, 11,172, 0,0, 0,0, 0,0, 0,0, 0,0, 0,0, 0,0, 0,0, 0,0, 0,0, 0,0, 0,0, 
0,0, 0,0, 0,0, 0,0, 0,0, 0,0, 0,0, 0,0, 0,0, 0,0, 0,0, 0,0, 0,0, 0,0, 0,0, 0,0, 0,0, 0,0, 0,0, 0,0, 0,0, 0,0, 0,0, 0,0, 0,0, 0,0, 0,0, 0,0, 0,0, 0,0, 0,0, 0,0, 0,0, 0,0, 0,0, 0,0, 0,0, 0,0, 0,0, 0,0, 0,0, 0,0, 0,0, 0,0, 11,208, 0,0, 0,0, 0,0, 0,0, 0,0, 0,0, 0,0, 0,0, 0,0, 0,0, 0,0, 0,0, 0,0, 0,0, 0,0, 0,0, 0,0, 0,0, 0,0, 
0,0, 0,0, 11,95, 11,199, 0,0, 0,0, 0,0, 0,0, 0,0, 0,0, 0,0, 0,0, 0,0, 11,142, 0,0, 0,0, 11,207, 0,0, 0,0, 0,0, 0,0, 0,0, 0,0, 0,0, 0,0, 0,0, 0,0, 0,0, 0,0, 0,0, 0,0, 0,0, 11,143, 0,0, 0,0, 0,0, 0,0, 0,0, 0,0, 0,0, 0,0, 0,0, 0,0, 0,0, 0,0, 0,0, 0,0, 0,0, 11,109, 0,0, 0,0, 0,0, 0,0, 0,0, 0,0, 0,0, 0,0, 11,202, 0,0, 0,0, 0,0, 0,0, 0,0, 0,0, 
0,0, 0,0, 0,0, 0,0, 0,0, 0,0, 11,103, 11,80, 0,0, 0,0, 11,136, 0,0, 0,0, 0,0, 0,0, 0,0, 0,0, 0,0, 0,0, 0,0, 0,0, 0,0, 0,0, 0,0, 0,0, 0,0, 0,0, 0,0, 0,0, 11,70, 0,0, 0,0, 0,0, 0,0, 0,0, 0,0, 0,0, 0,0, 0,0, 0,0, 11,127, 11,53, 0,0, 11,237, 11,15, 0,0, 0,0, 0,0, 0,0, 0,0, 0,0, 0,0, 0,0, 0,0, 0,0, 0,0, 0,0, 0,0, 11,140, 0,0, 0,0, 0,0, 0,0, 0,0, 
0,0, 0,0, 0,0, 0,0, 0,0, 0,0, 0,0, 11,182, 0,0, 0,0, 0,0, 0,0, 11,131, 11,24, 0,0, 0,0, 0,0, 0,0, 0,0, 0,0, 11,35, 0,0, 0,0, 0,0, 0,0, 0,0, 0,0, 0,0, 11,35, 0,0, 0,0, 0,0, 0,0, 0,0, 0,0, 0,0, 0,0, 0,0, 0,0, 0,0, 0,0, 0,0, 0,0, 0,0, 0,0, 0,0, 0,0, 0,0, 0,0, 0,0, 0,0, 0,0, 0,0, 0,0, 0,0, 0,0, 0,0, 11,132, 0,0, 0,0, 0,0, 0,0, 0,0, 0,0, 
0,0, 0,0, 0,0, 0,0, 0,0, 0,0, 11,154, 0,0, 0,0, 0,0, 0,0, 0,0, 0,0, 11,79, 0,0, 0,0, 0,0, 0,0, 0,0, 0,0, 0,0, 0,0, 0,0, 0,0, 0,0, 0,0, 0,0, 0,0, 11,76, 0,0, 0,0, 0,0, 11,95, 0,0, 0,0, 0,0, 0,0, 0,0, 0,0, 11,13, 0,0, 0,0, 11,198, 0,0, 0,0, 0,0, 0,0, 11,182, 0,0, 0,0, 0,0, 0,0, 0,0, 0,0, 0,0, 0,0, 0,0, 0,0, 0,0, 0,0, 0,0, 0,0, 0,0, 0,0, 
0,0, 0,0, 11,131, 0,0, 0,0, 0,0, 0,0, 11,204, 0,0, 0,0, 0,0, 0,0, 0,0, 0,0, 0,0, 0,0, 0,0, 11,47, 0,0, 0,0, 11,160, 0,0, 0,0, 0,0, 0,0, 0,0, 0,0, 0,0, 0,0, 0,0, 0,0, 11,124, 0,0, 0,0, 11,227, 0,0, 0,0, 0,0, 0,0, 11,248, 0,0, 0,0, 0,0, 11,153, 11,154, 0,0, 0,0, 0,0, 11,71, 0,0, 0,0, 0,0, 0,0, 0,0, 0,0, 0,0, 0,0, 0,0, 0,0, 0,0, 0,0, 0,0, 0,0, 0,0, 
0,0, 11,11, 0,0, 0,0, 0,0, 0,0, 0,0, 0,0, 0,0, 0,0, 0,0, 0,0, 11,116, 0,0, 0,0, 0,0, 11,142, 11,9, 0,0, 0,0, 0,0, 11,82, 11,209, 0,0, 0,0, 0,0, 0,0, 11,145, 0,0, 11,45, 0,0, 0,0, 0,0, 0,0, 0,0, 0,0, 0,0, 0,0, 0,0, 0,0, 0,0, 0,0, 0,0, 0,0, 0,0, 0,0, 0,0, 0,0, 0,0, 0,0, 0,0, 0,0, 0,0, 11,188, 0,0, 0,0, 0,0, 0,0, 0,0, 0,0, 0,0, 11,89, 0,0, 0,0, 
0,0, 0,0, 0,0, 0,0, 0,0, 0,0, 0,0, 0,0, 0,0, 0,0, 0,0, 0,0, 0,0, 0,0, 0,0, 0,0, 0,0, 11,89, 0,0, 0,0, 0,0, 0,0, 0,0, 0,0, 0,0, 0,0, 0,0, 0,0, 11,222, 11,160, 0,0, 0,0, 0,0, 0,0, 0,0, 0,0, 0,0, 0,0, 0,0, 0,0, 0,0, 0,0, 0,0, 0,0, 0,0, 0,0, 0,0, 0,0, 0,0, 0,0, 0,0, 0,0, 11,23, 11,138, 0,0, 0,0, 0,0, 0,0, 0,0, 11,22, 11,164, 11,122, 0,0, 0,0, 
0,0, 0,0, 0,0, 0,0, 0,0, 11,71, 0,0, 0,0, 0,0, 0,0, 0,0, 0,0, 0,0, 0,0, 0,0, 0,0, 11,160, 0,0, 0,0, 0,0, 0,0, 0,0, 0,0, 0,0, 0,0, 0,0, 0,0, 0,0, 0,0, 0,0, 0,0, 11,201, 0,0, 0,0, 0,0, 0,0, 0,0, 11,37, 0,0, 0,0, 0,0, 0,0, 0,0, 0,0, 0,0, 0,0, 0,0, 0,0, 11,170, 0,0, 0,0, 11,55, 11,184, 0,0, 11,28, 0,0, 0,0, 11,154, 0,0, 0,0, 0,0, 0,0, 0,0, 0,0, 
0,0, 0,0, 11,33, 0,0, 0,0, 0,0, 11,6, 11,242, 0,0, 0,0, 0,0, 0,0, 0,0, 0,0, 0,0, 0,0, 0,0, 0,0, 0,0, 0,0, 0,0, 0,0, 0,0, 0,0, 0,0, 0,0, 11,57, 0,0, 0,0, 0,0, 11,128, 0,0, 0,0, 11,116, 0,0, 0,0, 0,0, 11,197, 0,0, 0,0, 0,0, 0,0, 0,0, 0,0, 0,0, 0,0, 0,0, 0,0, 0,0, 0,0, 0,0, 11,104, 0,0, 0,0, 0,0, 0,0, 0,0, 0,0, 0,0, 0,0, 0,0, 11,241, 0,0, 0,0, 
0,0, 11,148, 0,0, 0,0, 0,0, 0,0, 0,0, 0,0, 0,0, 11,233, 0,0, 0,0, 0,0, 0,0, 0,0, 11,99, 0,0, 0,0, 0,0, 0,0, 0,0, 0,0, 0,0, 0,0, 0,0, 0,0, 0,0, 0,0, 0,0, 0,0, 0,0, 11,138, 0,0, 0,0, 0,0, 0,0, 0,0, 0,0, 0,0, 0,0, 0,0, 11,173, 0,0, 0,0, 0,0, 0,0, 0,0, 11,33, 0,0, 0,0, 11,129, 0,0, 0,0, 0,0, 0,0, 0,0, 0,0, 11,128, 0,0, 0,0, 0,0, 0,0, 11,69, 0,0, 
0,0, 0,0, 11,61, 0,0, 0,0, 0,0, 11,160, 0,0, 0,0, 11,58, 0,0, 0,0, 0,0, 0,0, 0,0, 11,50, 0,0, 0,0, 0,0, 0,0, 0,0, 0,0, 11,254, 0,0, 0,0, 0,0, 0,0, 0,0, 0,0, 0,0, 0,0, 0,0, 0,0, 11,16, 0,0, 0,0, 11,119, 0,0, 0,0, 0,0, 0,0, 11,98, 0,0, 0,0, 11,226, 0,0, 0,0, 0,0, 0,0, 0,0, 0,0, 0,0, 0,0, 0,0, 0,0, 11,25, 0,0, 0,0, 0,0, 0,0, 11,33, 0,0, 0,0, 0,0, 
0,0, 11,178, 0,0, 0,0, 0,0, 0,0, 0,0, 0,0, 0,0, 0,0, 11,99, 0,0, 0,0, 0,0, 0,0, 0,0, 0,0, 0,0, 0,0, 0,0, 11,51, 0,0, 0,0, 0,0, 0,0, 0,0, 0,0, 0,0, 0,0, 0,0, 0,0, 11,255, 11,147, 11,218, 11,39, 0,0, 0,0, 0,0, 0,0, 11,219, 0,0, 0,0, 0,0, 0,0, 0,0, 0,0, 0,0, 0,0, 0,0, 0,0, 11,62, 0,0, 0,0, 0,0, 0,0, 11,159, 0,0, 0,0, 0,0, 0,0, 0,0, 0,0, 0,0, 0,0, 
0,0, 0,0, 0,0, 0,0, 0,0, 11,47, 11,28, 0,0, 0,0, 0,0, 0,0, 0,0, 11,128, 0,0, 0,0, 0,0, 0,0, 0,0, 0,0, 0,0, 0,0, 11,255, 0,0, 0,0, 0,0, 0,0, 0,0, 0,0, 0,0, 0,0, 0,0, 0,0, 0,0, 0,0, 0,0, 0,0, 0,0, 0,0, 0,0, 0,0, 0,0, 0,0, 0,0, 0,0, 0,0, 0,0, 0,0, 0,0, 0,0, 0,0, 0,0, 0,0, 0,0, 0,0, 0,0, 0,0, 11,114, 11,104, 0,0, 0,0, 0,0, 0,0, 0,0, 0,0, 
0,0, 0,0, 0,0, 0,0, 0,0, 0,0, 0,0, 0,0, 0,0, 0,0, 0,0, 0,0, 11,174, 0,0, 0,0, 0,0, 0,0, 0,0, 0,0, 0,0, 0,0, 0,0, 11,243, 0,0, 0,0, 0,0, 0,0, 0,0, 0,0, 0,0, 0,0, 0,0, 0,0, 0,0, 0,0, 0,0, 0,0, 11,99, 0,0, 0,0, 0,0, 0,0, 0,0, 0,0, 0,0, 0,0, 11,79, 0,0, 0,0, 0,0, 11,188, 0,0, 11,131, 0,0, 0,0, 0,0, 0,0, 0,0, 0,0, 0,0, 0,0, 0,0, 0,0, 0,0, 
0,0, 11,188, 0,0, 0,0, 0,0, 11,236, 0,0, 0,0, 0,0, 0,0, 0,0, 0,0, 0,0, 0,0, 0,0, 11,178, 0,0, 0,0, 0,0, 11,24, 0,0, 0,0, 0,0, 0,0, 0,0, 0,0, 0,0, 0,0, 0,0, 0,0, 0,0, 0,0, 0,0, 0,0, 11,223, 0,0, 0,0, 11,174, 0,0, 0,0, 0,0, 0,0, 0,0, 0,0, 0,0, 0,0, 0,0, 0,0, 0,0, 0,0, 0,0, 0,0, 0,0, 0,0, 0,0, 0,0, 0,0, 0,0, 0,0, 0,0, 0,0, 0,0, 0,0, 0,0, 
0,0, 0,0, 11,81, 11,255, 0,0, 0,0, 0,0, 11,135, 0,0, 0,0, 0,0, 0,0, 0,0, 11,48, 0,0, 0,0, 0,0, 0,0, 0,0, 0,0, 0,0, 0,0, 0,0, 0,0, 0,0, 0,0, 0,0, 0,0, 0,0, 0,0, 0,0, 0,0, 0,0, 0,0, 0,0, 0,0, 0,0, 0,0, 0,0, 0,0, 0,0, 0,0, 0,0, 0,0, 0,0, 0,0, 0,0, 0,0, 0,0, 11,164, 0,0, 0,0, 0,0, 0,0, 0,0, 0,0, 0,0, 0,0, 0,0, 0,0, 11,240, 0,0, 0,0, 0,0, 
0,0, 0,0, 0,0, 0,0, 11,3, 11,4, 11,254, 0,0, 0,0, 0,0, 0,0, 0,0, 0,0, 0,0, 0,0, 0,0, 0,0, 0,0, 0,0, 0,0, 0,0, 0,0, 0,0, 0,0, 0,0, 0,0, 0,0, 11,59, 0,0, 0,0, 0,0, 0,0, 0,0, 0,0, 0,0, 0,0, 0,0, 0,0, 0,0, 0,0, 0,0, 0,0, 0,0, 0,0, 0,0, 0,0, 0,0, 0,0, 0,0, 0,0, 0,0, 0,0, 0,0, 0,0, 0,0, 0,0, 0,0, 0,0, 0,0, 0,0, 11,12, 11,117, 0,0, 0,0, 
0,0, 0,0, 0,0, 0,0, 0,0, 0,0, 0,0, 0,0, 0,0, 0,0, 11,57, 0,0, 0,0, 0,0, 0,0, 0,0, 0,0, 11,89, 0,0, 0,0, 0,0, 11,191, 0,0, 0,0, 0,0, 0,0, 0,0, 0,0, 0,0, 0,0, 0,0, 0,0, 0,0, 0,0, 0,0, 0,0, 11,7, 0,0, 0,0, 0,0, 11,139, 0,0, 0,0, 0,0, 0,0, 11,196, 0,0, 0,0, 0,0, 0,0, 0,0, 0,0, 0,0, 0,0, 0,0, 0,0, 0,0, 11,66, 11,61, 0,0, 0,0, 0,0, 0,0, 0,0, 
0,0, 0,0, 0,0, 0,0, 0,0, 0,0, 0,0, 0,0, 0,0, 0,0, 0,0, 11,82, 11,99, 0,0, 11,226, 0,0, 0,0, 0,0, 0,0, 0,0, 0,0, 0,0, 0,0, 11,217, 0,0, 0,0, 11,236, 0,0, 11,55, 0,0, 0,0, 0,0, 0,0, 0,0, 0,0, 0,0, 0,0, 0,0, 0,0, 0,0, 0,0, 0,0, 0,0, 0,0, 0,0, 0,0, 0,0, 0,0, 0,0, 0,0, 11,245, 11,52, 0,0, 0,0, 0,0, 0,0, 0,0, 0,0, 0,0, 0,0, 0,0, 0,0, 0,0, 0,0, 
0,0, 0,0, 0,0, 0,0, 0,0, 0,0, 0,0, 0,0, 0,0, 0,0, 0,0, 0,0, 0,0, 0,0, 0,0, 0,0, 0,0, 0,0, 0,0, 0,0, 0,0, 0,0, 0,0, 0,0, 0,0, 11,75, 11,36, 0,0, 11,72, 0,0, 0,0, 0,0, 0,0, 0,0, 11,70, 0,0, 11,181, 0,0, 0,0, 11,134, 0,0, 0,0, 0,0, 0,0, 0,0, 0,0, 0,0, 0,0, 11,38, 0,0, 0,0, 0,0, 0,0, 11,58, 0,0, 0,0, 0,0, 0,0, 0,0, 0,0, 0,0, 11,33, 11,242, 0,0, 
0,0, 0,0, 0,0, 0,0, 0,0, 0,0, 0,0, 0,0, 11,184, 0,0, 0,0, 0,0, 0,0, 0,0, 0,0, 0,0, 0,0, 0,0, 0,0, 11,16, 0,0, 0,0, 0,0, 0,0, 0,0, 0,0, 0,0, 0,0, 0,0, 11,74, 11,160, 0,0, 11,13, 0,0, 11,143, 0,0, 11,51, 0,0, 0,0, 0,0, 0,0, 0,0, 0,0, 0,0, 0,0, 11,254, 0,0, 0,0, 0,0, 0,0, 0,0, 0,0, 0,0, 0,0, 0,0, 0,0, 11,22, 0,0, 0,0, 0,0, 11,243, 0,0, 11,202, 0,0, 
0,0, 0,0, 11,114, 0,0, 0,0, 0,0, 0,0, 0,0, 0,0, 0,0, 0,0, 0,0, 0,0, 0,0, 0,0, 0,0, 0,0, 0,0, 0,0, 11,222, 0,0, 0,0, 0,0, 0,0, 0,0, 0,0, 0,0, 0,0, 0,0, 0,0, 11,96, 11,73, 0,0, 0,0, 0,0, 0,0, 0,0, 0,0, 0,0, 0,0, 0,0, 11,68, 0,0, 0,0, 0,0, 0,0, 0,0, 0,0, 0,0, 0,0, 0,0, 0,0, 0,0, 11,57, 0,0, 0,0, 0,0, 0,0, 0,0, 0,0, 0,0, 0,0, 0,0, 0,0, 
0,0, 0,0, 0,0, 0,0, 0,0, 0,0, 0,0, 0,0, 0,0, 11,200, 11,146, 0,0, 0,0, 0,0, 0,0, 0,0, 0,0, 0,0, 11,143, 0,0, 0,0, 0,0, 0,0, 0,0, 0,0, 0,0, 0,0, 0,0, 0,0, 0,0, 0,0, 0,0, 11,163, 0,0, 0,0, 0,0, 0,0, 0,0, 11,13, 0,0, 0,0, 0,0, 0,0, 0,0, 0,0, 11,187, 0,0, 0,0, 0,0, 0,0, 0,0, 0,0, 0,0, 0,0, 0,0, 0,0, 0,0, 11,100, 0,0, 0,0, 0,0, 0,0, 0,0, 0,0, 
0,0, 0,0, 0,0, 0,0, 0,0, 0,0, 11,193, 0,0, 0,0, 0,0, 0,0, 0,0, 0,0, 0,0, 0,0, 0,0, 0,0, 0,0, 0,0, 0,0, 0,0, 0,0, 11,189, 0,0, 0,0, 0,0, 0,0, 0,0, 0,0, 0,0, 0,0, 0,0, 0,0, 0,0, 0,0, 0,0, 11,45, 11,34, 0,0, 0,0, 0,0, 11,161, 0,0, 0,0, 0,0, 11,151, 0,0, 0,0, 11,238, 0,0, 0,0, 0,0, 0,0, 0,0, 0,0, 0,0, 11,208, 0,0, 0,0, 0,0, 0,0, 11,240, 0,0, 0,0, 
0,0, 0,0, 0,0, 0,0, 0,0, 11,150, 11,226, 0,0, 0,0, 0,0, 0,0, 0,0, 11,229, 11,88, 0,0, 0,0, 0,0, 0,0, 0,0, 0,0, 0,0, 0,0, 0,0, 11,50, 0,0, 0,0, 0,0, 11,83, 0,0, 0,0, 0,0, 0,0, 0,0, 0,0, 0,0, 0,0, 0,0, 0,0, 0,0, 0,0, 0,0, 0,0, 0,0, 0,0, 0,0, 0,0, 0,0, 0,0, 0,0, 0,0, 0,0, 11,40, 0,0, 0,0, 0,0, 0,0, 0,0, 0,0, 0,0, 0,0, 0,0, 0,0, 11,200, 0,0, 
0,0, 0,0, 0,0, 0,0, 0,0, 0,0, 0,0, 0,0, 0,0, 0,0, 11,197, 0,0, 0,0, 0,0, 0,0, 0,0, 0,0, 0,0, 0,0, 0,0, 0,0, 0,0, 0,0, 0,0, 0,0, 0,0, 0,0, 0,0, 0,0, 0,0, 0,0, 0,0, 0,0, 0,0, 0,0, 0,0, 0,0, 0,0, 0,0, 0,0, 0,0, 0,0, 0,0, 11,251, 0,0, 0,0, 0,0, 0,0, 0,0, 0,0, 0,0, 11,16, 0,0, 0,0, 0,0, 0,0, 0,0, 0,0, 0,0, 0,0, 0,0, 0,0, 0,0, 0,0, 
0,0, 0,0, 0,0, 0,0, 0,0, 0,0, 0,0, 0,0, 0,0, 0,0, 0,0, 0,0, 0,0, 0,0, 0,0, 0,0, 0,0, 0,0, 0,0, 0,0, 11,216, 0,0, 0,0, 0,0, 0,0, 11,214, 0,0, 0,0, 11,247, 0,0, 0,0, 0,0, 0,0, 11,117, 0,0, 0,0, 0,0, 0,0, 0,0, 0,0, 0,0, 0,0, 0,0, 0,0, 11,185, 11,43, 0,0, 0,0, 0,0, 0,0, 0,0, 0,0, 0,0, 0,0, 0,0, 0,0, 0,0, 0,0, 0,0, 0,0, 0,0, 0,0, 0,0, 0,0, 
0,0, 0,0, 0,0, 0,0, 0,0, 0,0, 11,76, 0,0, 0,0, 0,0, 11,10, 0,0, 0,0, 0,0, 0,0, 0,0, 0,0, 0,0, 0,0, 0,0, 0,0, 0,0, 0,0, 0,0, 0,0, 0,0, 0,0, 0,0, 0,0, 0,0, 0,0, 0,0, 11,143, 0,0, 11,214, 0,0, 0,0, 11,134, 0,0, 0,0, 0,0, 0,0, 11,20, 11,33, 0,0, 0,0, 11,70, 0,0, 11,131, 0,0, 0,0, 0,0, 0,0, 0,0, 0,0, 0,0, 0,0, 0,0, 0,0, 0,0, 0,0, 0,0, 0,0, 0,0, 
0,0, 0,0, 0,0, 0,0, 0,0, 0,0, 0,0, 0,0, 11,8, 0,0, 0,0, 0,0, 11,186, 11,220, 0,0, 0,0, 0,0, 11,26, 0,0, 0,0, 0,0, 0,0, 0,0, 0,0, 0,0, 11,94, 0,0, 0,0, 0,0, 0,0, 0,0, 11,172, 0,0, 0,0, 0,0, 0,0, 11,55, 0,0, 0,0, 0,0, 0,0, 0,0, 0,0, 0,0, 0,0, 0,0, 0,0, 0,0, 0,0, 0,0, 0,0, 0,0, 11,86, 0,0, 11,37, 0,0, 0,0, 0,0, 0,0, 0,0, 0,0, 11,22, 11,138, 0,0, 
0,0, 0,0, 0,0, 0,0, 0,0, 11,203, 0,0, 0,0, 0,0, 0,0, 0,0, 0,0, 0,0, 0,0, 11,214, 11,90, 0,0, 0,0, 0,0, 0,0, 0,0, 0,0, 0,0, 0,0, 0,0, 11,12, 0,0, 0,0, 0,0, 0,0, 0,0, 0,0, 0,0, 0,0, 0,0, 0,0, 0,0, 0,0, 0,0, 0,0, 0,0, 0,0, 0,0, 0,0, 11,134, 11,62, 11,238, 0,0, 0,0, 0,0, 0,0, 0,0, 0,0, 11,67, 0,0, 11,190, 0,0, 0,0, 0,0, 11,137, 11,131, 0,0, 0,0, 0,0, 
0,0, 0,0, 0,0, 0,0, 0,0, 0,0, 0,0, 0,0, 0,0, 0,0, 0,0, 0,0, 0,0, 0,0, 0,0, 11,154, 0,0, 0,0, 0,0, 0,0, 0,0, 0,0, 0,0, 11,15, 0,0, 11,216, 0,0, 0,0, 0,0, 0,0, 0,0, 0,0, 0,0, 0,0, 0,0, 0,0, 0,0, 0,0, 0,0, 0,0, 0,0, 0,0, 0,0, 0,0, 0,0, 0,0, 0,0, 0,0, 0,0, 0,0, 0,0, 0,0, 0,0, 0,0, 11,27, 0,0, 0,0, 11,239, 0,0, 0,0, 0,0, 0,0, 11,243, 0,0, 
0,0, 11,135, 0,0, 0,0, 0,0, 0,0, 0,0, 0,0, 0,0, 0,0, 0,0, 0,0, 0,0, 0,0, 0,0, 0,0, 0,0, 0,0, 0,0, 11,8, 0,0, 0,0, 0,0, 0,0, 0,0, 0,0, 0,0, 0,0, 0,0, 0,0, 0,0, 11,197, 11,184, 0,0, 0,0, 0,0, 0,0, 0,0, 0,0, 0,0, 0,0, 0,0, 0,0, 0,0, 0,0, 0,0, 0,0, 0,0, 11,243, 0,0, 0,0, 0,0, 0,0, 11,38, 0,0, 0,0, 0,0, 0,0, 11,192, 0,0, 0,0, 11,104, 11,48, 0,0, 
0,0, 0,0, 0,0, 0,0, 0,0, 0,0, 0,0, 0,0, 11,37, 0,0, 0,0, 0,0, 0,0, 11,162, 0,0, 0,0, 0,0, 0,0, 0,0, 0,0, 0,0, 11,166, 0,0, 0,0, 0,0, 0,0, 0,0, 0,0, 11,219, 0,0, 11,176, 0,0, 0,0, 11,112, 0,0, 0,0, 0,0, 0,0, 11,117, 0,0, 0,0, 0,0, 0,0, 0,0, 11,224, 0,0, 0,0, 0,0, 0,0, 0,0, 0,0, 0,0, 0,0, 11,225, 0,0, 0,0, 0,0, 0,0, 11,94, 0,0, 0,0, 0,0, 0,0, 0,0, 
0,0, 0,0, 0,0, 0,0, 0,0, 0,0, 0,0, 0,0, 0,0, 0,0, 0,0, 0,0, 0,0, 0,0, 0,0, 0,0, 0,0, 0,0, 0,0, 0,0, 0,0, 0,0, 0,0, 0,0, 0,0, 0,0, 0,0, 0,0, 0,0, 0,0, 0,0, 0,0, 0,0, 0,0, 0,0, 11,63, 0,0, 0,0, 0,0, 0,0, 0,0, 0,0, 0,0, 0,0, 0,0, 0,0, 0,0, 0,0, 0,0, 0,0, 0,0, 0,0, 11,91, 0,0, 0,0, 0,0, 0,0, 0,0, 0,0, 0,0, 11,81, 0,0, 0,0, 0,0, 
0,0, 0,0, 0,0, 0,0, 0,0, 0,0, 0,0, 0,0, 0,0, 0,0, 0,0, 0,0, 0,0, 0,0, 0,0, 0,0, 0,0, 0,0, 0,0, 0,0, 0,0, 0,0, 0,0, 0,0, 0,0, 0,0, 0,0, 0,0, 0,0, 0,0, 0,0, 0,0, 0,0, 0,0, 0,0, 0,0, 0,0, 0,0, 0,0, 0,0, 0,0, 0,0, 0,0, 0,0, 0,0, 0,0, 0,0, 0,0, 0,0, 0,0, 0,0, 0,0, 0,0, 0,0, 0,0, 0,0, 0,0, 0,0, 0,0, 0,0, 0,0, 0,0, 0,0, 0,0, 
}
