uint8_t staticmap_fx[] = {
1,1,1,1,1,1,1,1,1,1,1,1,1,1,1,1,1,1,1,1,1,1,1,1,1,1,1,1,1,1,1,1,1,1,1,1,1,1,1,1,1,1,1,1,1,1,1,1,1,1,1,1,1,1,1,1,1,1,1,1,1,1,1,1,
1,0,0,0,0,3,3,0,3,0,0,0,2,0,0,0,0,0,3,2,0,0,2,0,0,0,3,0,3,0,0,2,0,0,0,0,0,0,0,0,0,0,0,3,0,0,0,0,2,3,0,0,0,0,0,0,0,2,3,0,3,0,0,1,
1,0,2,3,2,0,0,0,2,2,0,0,2,0,0,0,0,3,3,0,0,0,0,0,0,0,0,3,0,2,0,0,0,0,0,0,0,0,0,0,0,0,0,0,3,2,0,0,0,0,0,3,3,3,0,3,0,0,0,0,0,0,0,1,
1,0,0,0,3,0,0,0,0,0,0,2,0,0,3,0,0,2,0,0,0,3,3,0,0,0,0,0,0,0,0,2,0,0,0,0,0,2,3,0,0,0,0,2,0,0,0,0,0,0,0,3,0,0,3,3,0,0,0,2,0,0,0,1,
1,0,0,0,2,0,0,0,0,0,0,0,0,0,0,0,0,0,0,2,0,0,0,2,2,0,0,3,3,0,0,0,0,0,0,0,2,0,0,0,0,0,0,0,0,0,3,3,2,0,0,3,0,0,2,0,0,0,0,0,0,0,0,1,
1,0,0,0,0,0,2,0,0,0,0,3,3,2,0,0,0,0,0,3,0,0,0,0,0,0,3,3,0,0,2,3,0,0,0,0,0,0,0,3,0,0,0,0,0,3,3,3,0,0,0,0,0,0,3,0,0,0,0,3,0,0,2,1,
1,0,0,0,2,0,0,2,3,0,2,0,3,3,0,0,3,0,0,0,0,0,0,2,2,0,2,0,0,0,0,0,0,3,0,0,2,0,2,0,0,0,0,0,0,0,3,3,3,3,2,3,3,0,0,0,0,2,2,0,2,0,3,1,
1,0,3,0,0,0,0,3,0,0,0,0,0,3,0,0,2,3,3,0,0,0,0,0,0,0,2,0,0,3,0,3,0,2,0,0,0,0,0,0,0,0,2,0,0,3,0,0,2,2,3,0,0,0,3,2,0,2,0,2,0,0,0,1,
1,2,0,3,0,0,2,2,3,0,0,0,0,0,2,2,0,2,0,2,0,2,0,3,0,2,3,0,2,0,0,0,0,0,0,0,3,0,0,0,0,0,0,0,2,0,2,0,0,0,3,0,0,0,3,0,0,0,0,0,0,2,0,1,
1,0,3,0,0,0,0,0,0,2,2,0,0,2,0,2,2,3,2,2,0,3,0,0,0,0,0,0,0,0,0,0,0,0,0,3,3,0,3,0,2,3,0,0,2,0,0,0,0,0,0,0,0,0,0,0,0,0,2,0,2,0,0,1,
1,3,0,0,0,0,2,0,0,0,0,2,0,0,0,3,3,0,2,3,2,2,0,0,0,0,0,3,0,0,0,0,0,0,0,0,3,0,0,3,0,0,0,0,2,0,0,0,2,3,3,0,0,0,0,0,3,0,3,2,0,0,2,1,
1,0,0,0,0,0,0,0,0,0,0,3,2,3,0,3,3,0,0,2,0,0,0,0,0,0,0,0,0,3,0,2,0,0,0,0,2,0,0,0,0,0,0,0,3,0,3,0,2,0,0,0,0,3,2,0,2,3,3,0,0,2,0,1,
1,0,0,0,3,0,0,0,2,0,0,0,0,0,0,2,0,0,0,3,0,0,0,0,0,0,2,0,0,0,2,3,0,0,0,0,0,0,0,0,2,0,0,3,2,0,0,0,0,0,0,0,2,0,0,2,0,3,0,0,0,2,0,1,
1,0,0,0,0,0,3,3,0,0,0,0,0,2,0,0,0,0,3,2,0,0,0,0,0,2,0,0,0,2,0,0,0,0,0,3,0,0,0,0,0,0,0,2,0,0,0,0,0,0,0,3,0,3,0,0,0,0,0,3,2,0,3,1,
1,0,3,0,0,0,0,3,0,0,3,0,2,0,0,0,0,0,0,0,0,0,0,0,0,0,0,0,0,0,2,2,0,0,0,0,0,0,0,0,0,0,0,0,0,0,3,0,0,2,0,0,0,0,0,0,2,0,3,0,0,2,0,1,
1,0,0,0,0,0,0,0,0,0,0,0,2,0,0,0,3,0,0,0,0,2,0,0,0,0,2,0,0,0,0,0,0,0,0,0,0,0,0,0,0,0,0,0,0,0,0,0,0,2,2,2,0,0,0,2,2,0,0,0,0,0,0,1,
1,0,0,0,0,0,0,0,0,0,0,0,0,0,0,0,2,0,0,3,0,0,0,0,0,0,0,0,3,0,0,0,0,0,0,3,0,0,2,0,2,0,0,0,0,0,0,0,0,0,0,0,0,0,0,0,0,3,0,0,0,0,0,1,
1,0,0,0,2,2,0,0,0,2,0,0,0,0,3,0,0,0,3,2,0,0,0,0,0,2,3,2,3,3,2,0,0,3,0,2,3,0,0,0,0,0,0,0,0,0,0,0,0,2,0,0,0,0,2,3,0,0,0,3,0,0,0,1,
1,3,0,2,0,0,0,0,0,0,0,3,0,0,3,0,3,0,0,0,0,0,0,2,3,0,0,2,0,0,0,0,0,0,2,2,0,0,2,0,3,0,2,0,0,0,0,0,0,0,2,0,0,0,2,0,0,0,3,0,0,0,0,1,
1,2,0,0,0,0,0,0,0,2,0,3,0,0,0,0,2,3,0,2,3,3,3,0,0,0,2,0,0,0,2,3,0,2,0,0,3,0,0,0,0,0,2,0,0,0,2,3,0,0,0,2,3,0,0,0,0,0,0,2,3,2,0,1,
1,2,0,3,0,0,3,0,0,0,2,0,0,2,2,0,3,0,0,0,2,0,3,0,0,0,0,0,3,0,2,0,0,0,0,2,3,0,0,3,0,0,0,3,2,0,0,0,0,0,0,0,0,0,0,0,0,0,0,0,2,0,3,1,
1,3,2,3,0,0,3,0,0,0,0,0,2,2,3,0,0,0,0,0,0,0,0,0,0,3,2,0,0,2,0,0,2,0,2,3,0,0,0,0,0,2,0,2,2,0,0,0,2,3,2,3,0,3,0,0,3,3,0,0,0,0,2,1,
1,0,0,0,0,0,0,0,0,0,0,0,0,0,0,0,3,0,0,0,0,0,0,0,0,0,0,0,0,3,3,0,0,0,0,2,3,0,0,0,0,0,0,0,0,0,0,0,0,0,2,3,3,0,3,0,0,3,3,0,0,0,0,1,
1,0,2,0,0,0,0,3,0,3,0,0,0,2,2,0,0,0,3,0,0,0,3,3,0,0,0,0,0,0,0,0,3,0,0,0,3,3,3,0,0,0,3,0,2,3,0,3,3,0,0,2,0,0,0,0,0,0,0,0,2,0,2,1,
1,3,0,0,0,2,3,0,0,2,0,0,0,0,0,0,2,0,2,0,0,0,0,2,0,0,0,0,0,0,0,0,2,0,3,0,0,2,2,0,0,0,0,0,3,0,0,3,2,0,3,0,3,0,0,0,0,0,2,3,2,0,0,1,
1,0,3,0,0,0,0,0,3,3,3,0,2,3,0,2,3,0,3,0,0,0,0,0,2,3,0,0,0,0,0,0,0,2,0,3,0,0,0,0,3,2,0,0,0,0,0,2,0,0,0,0,2,0,0,0,0,0,2,0,3,3,0,1,
1,3,0,0,3,0,0,0,3,0,0,3,0,3,0,3,3,2,0,0,0,2,2,0,2,0,0,0,0,0,0,0,0,0,0,0,0,3,0,0,0,3,2,2,3,0,2,2,0,0,0,0,0,3,0,0,0,0,3,3,0,0,0,1,
1,2,3,0,0,0,0,3,2,0,0,2,3,0,3,0,0,0,0,0,0,0,2,0,0,0,0,0,0,0,2,3,0,0,3,0,3,3,3,0,0,0,2,3,2,0,0,3,0,0,0,2,0,3,0,3,2,3,3,0,0,0,0,1,
1,0,2,0,3,2,0,0,0,0,0,2,0,0,0,0,0,0,3,0,0,0,0,0,2,0,0,0,3,3,0,3,0,0,2,0,3,0,0,0,2,0,0,0,0,0,0,0,3,0,2,2,0,0,0,0,0,2,0,0,3,0,0,1,
1,0,3,0,0,0,0,3,3,0,2,0,0,0,0,0,0,0,0,0,0,3,0,0,0,0,0,0,0,0,0,0,0,0,2,0,0,0,0,3,3,0,2,3,3,0,0,0,2,0,0,0,0,3,0,0,0,0,0,3,0,0,3,1,
1,2,0,0,0,0,0,0,0,0,3,0,0,2,0,3,0,0,0,0,0,0,0,0,0,2,0,0,2,2,2,0,0,0,0,0,0,0,0,3,0,0,0,2,0,3,3,3,0,2,0,0,0,3,0,0,0,0,0,0,0,2,0,1,
1,0,0,0,0,0,0,0,3,2,0,3,0,0,0,0,0,0,0,0,0,0,2,3,0,0,3,0,0,0,0,0,0,0,0,0,0,0,0,2,0,0,0,3,2,0,2,3,2,0,0,0,0,0,0,0,0,3,0,0,0,0,0,1,
1,0,0,0,0,0,0,0,2,3,2,0,3,0,3,0,0,3,0,0,3,2,0,0,0,0,0,0,0,0,3,0,0,2,2,0,2,2,0,3,0,0,0,0,2,0,3,3,2,0,0,0,0,0,0,0,0,0,3,0,0,2,0,1,
1,0,0,3,0,3,0,2,0,3,0,0,2,0,0,0,0,0,0,0,0,0,0,2,0,0,0,0,0,0,0,0,3,0,0,3,3,0,2,0,0,0,0,2,0,0,0,0,0,3,2,0,0,2,3,0,3,0,3,0,0,0,0,1,
1,0,0,0,0,0,0,0,0,0,3,0,3,0,0,0,0,0,0,0,3,0,0,0,0,2,0,0,0,0,3,0,0,0,2,3,0,3,0,3,3,0,2,3,0,0,0,0,0,3,3,0,0,0,3,0,0,0,3,0,0,0,0,1,
1,3,0,0,0,0,0,0,0,0,3,0,0,0,0,0,2,0,0,0,0,0,0,0,2,0,0,0,2,0,0,3,3,2,0,0,2,2,0,0,3,3,0,2,3,0,0,2,0,3,0,0,0,0,0,0,0,0,0,0,0,0,0,1,
1,0,0,0,0,0,0,0,0,0,0,0,3,2,3,0,0,3,0,0,0,0,0,0,0,0,3,0,3,0,0,0,0,0,3,0,2,0,0,2,0,0,0,0,0,0,0,0,0,3,0,0,2,3,3,2,0,0,0,0,0,0,2,1,
1,0,0,3,0,3,0,3,0,3,0,0,0,0,0,0,2,3,0,3,0,0,0,0,0,3,3,0,3,0,0,0,0,0,0,0,0,2,2,0,0,0,0,2,0,0,0,0,3,0,2,3,0,0,0,0,0,0,3,2,2,0,2,1,
1,0,0,0,3,2,0,3,3,2,2,0,0,0,0,0,2,2,0,3,3,0,0,0,0,0,0,2,0,0,3,0,0,0,0,0,0,2,0,0,3,0,0,0,0,0,3,2,3,0,2,0,0,0,0,3,0,0,0,0,0,0,0,1,
1,2,0,0,0,3,0,3,0,0,0,2,0,0,0,0,0,0,0,0,0,0,0,3,0,0,0,0,0,0,0,2,3,3,0,0,2,0,0,0,0,0,0,0,0,0,0,0,0,0,0,0,2,0,0,0,0,3,3,0,2,3,3,1,
1,3,3,2,0,0,0,0,0,0,2,0,0,3,2,0,3,0,2,3,0,0,0,0,0,0,0,2,0,0,0,0,0,0,3,2,0,0,0,0,0,0,0,0,2,2,0,0,2,0,0,0,0,0,0,2,3,0,0,0,0,0,0,1,
1,2,0,0,0,0,0,2,0,0,0,0,2,0,0,0,2,2,3,0,0,0,0,3,0,2,0,0,0,0,0,3,2,0,0,2,0,3,0,0,0,0,0,3,3,0,0,3,0,0,0,0,0,3,0,0,3,2,0,0,0,0,0,1,
1,3,3,0,3,0,0,0,0,0,0,0,0,0,3,0,0,0,0,0,0,0,2,3,0,0,2,0,2,0,0,2,0,0,3,0,0,0,3,0,0,2,0,0,0,0,2,0,0,0,2,3,0,0,0,0,0,0,0,0,3,3,0,1,
1,3,0,2,0,2,2,0,0,2,0,0,0,2,0,0,0,0,0,2,0,3,0,0,0,0,3,0,2,0,0,2,0,0,0,0,0,0,0,0,0,3,0,0,0,2,0,0,0,0,0,3,0,0,2,0,0,0,2,0,0,0,0,1,
1,0,0,0,0,0,3,0,0,3,2,0,2,2,0,0,0,0,0,0,0,3,3,2,2,0,0,0,0,0,0,0,3,0,0,0,2,0,0,3,0,2,2,0,3,0,0,0,0,0,3,0,3,3,0,3,0,0,0,0,0,0,0,1,
1,0,0,3,0,2,3,0,0,0,0,0,2,0,0,3,0,3,2,2,3,0,0,0,0,0,0,0,0,0,0,0,0,0,0,2,2,0,0,0,2,0,0,3,2,0,0,0,2,0,0,2,3,2,0,0,0,0,2,0,0,0,0,1,
1,0,3,0,0,0,0,0,3,3,0,0,0,0,2,0,0,0,0,0,0,0,0,0,2,0,0,0,0,0,3,0,0,3,0,3,0,0,0,0,0,0,0,3,0,2,0,0,0,2,0,3,0,3,0,3,3,0,0,2,2,0,0,1,
1,0,0,0,0,0,0,0,0,3,0,0,0,3,0,0,0,0,3,0,3,0,0,0,2,0,0,0,3,0,0,0,3,0,0,0,0,0,3,3,0,0,0,0,0,0,0,0,2,0,2,0,0,0,0,0,0,0,0,0,3,2,0,1,
1,0,0,2,0,0,0,2,0,0,0,2,0,0,2,0,3,0,0,3,0,0,2,0,2,0,0,0,0,0,2,3,0,0,0,0,2,0,0,0,0,0,3,3,0,0,0,0,3,0,0,3,0,0,0,0,3,0,0,0,0,0,0,1,
1,0,0,0,0,3,0,0,0,0,0,0,0,0,0,0,0,3,0,0,0,3,0,0,2,0,3,0,2,3,0,0,0,0,2,0,0,0,0,0,0,0,2,0,0,0,0,0,3,0,0,0,2,0,3,0,0,0,0,0,0,3,0,1,
1,0,2,0,0,0,0,0,0,3,0,0,2,0,3,0,0,0,3,3,0,0,2,0,0,0,0,3,0,2,0,2,0,2,0,0,0,0,0,0,0,2,0,3,3,0,0,2,0,0,0,2,3,3,0,3,0,3,0,2,0,0,3,1,
1,0,0,3,0,0,0,3,0,2,3,0,0,2,0,0,3,0,2,2,0,0,0,0,0,0,0,3,0,2,0,2,0,0,2,0,0,2,0,2,0,0,0,0,2,0,0,3,0,0,3,3,0,0,0,3,0,0,0,3,0,0,0,1,
1,0,0,0,0,3,0,3,2,0,0,0,0,0,0,0,0,2,0,3,0,2,2,3,0,3,0,2,0,3,0,0,0,0,0,0,3,0,0,3,0,0,0,0,0,0,0,0,0,0,0,0,0,0,3,0,0,0,0,0,0,0,0,1,
1,0,0,3,0,0,0,0,3,3,0,0,3,0,0,0,0,0,0,0,0,0,0,0,3,0,0,0,0,0,0,3,0,0,3,0,0,0,3,0,0,0,0,0,0,0,0,0,0,3,3,3,0,0,0,0,3,0,0,0,0,0,0,1,
1,0,0,0,3,3,0,2,2,2,0,0,0,3,0,0,2,0,0,0,3,0,0,0,0,0,0,0,2,0,0,3,2,0,3,2,2,0,2,0,3,0,0,0,0,0,3,0,0,0,0,3,0,2,0,0,0,0,0,0,0,0,2,1,
1,2,0,0,2,2,2,0,2,3,2,0,0,2,0,2,0,0,0,2,0,2,0,0,0,0,0,0,0,2,2,0,0,0,2,0,3,0,0,0,3,2,0,0,0,0,0,0,0,0,0,0,0,0,0,0,0,0,0,0,0,0,0,1,
1,0,0,0,0,2,0,0,0,2,0,0,0,2,0,0,0,2,0,0,0,0,0,0,0,0,0,2,0,0,0,0,0,0,0,0,3,0,0,0,2,0,0,0,3,0,0,0,0,0,3,0,0,0,2,0,3,0,0,0,0,2,0,1,
1,0,0,0,0,0,0,0,0,0,2,0,0,3,0,0,2,0,0,0,0,0,0,0,0,2,2,0,0,0,0,2,0,0,0,0,2,0,0,0,0,0,2,0,0,3,0,0,2,0,0,3,2,3,3,0,0,0,0,0,0,2,3,1,
1,0,3,2,0,0,0,0,0,3,0,0,0,2,0,0,0,0,2,0,0,0,3,2,0,0,3,3,3,0,2,0,2,0,0,2,0,2,2,0,0,3,0,0,0,0,0,0,0,0,2,0,0,3,0,0,0,3,0,0,3,0,0,1,
1,2,0,2,0,0,0,0,0,0,0,0,0,0,0,0,3,0,0,3,0,0,0,0,0,2,0,3,3,0,0,0,3,0,0,3,3,0,0,0,0,2,0,2,0,3,0,0,0,0,2,0,0,0,2,0,0,0,0,2,0,0,2,1,
1,0,2,0,0,3,0,0,0,0,0,0,2,0,2,2,0,3,2,0,0,0,0,0,0,0,3,0,3,0,3,2,0,0,2,0,0,0,0,0,3,3,0,0,0,0,0,0,0,0,0,3,3,2,0,0,0,0,0,0,0,0,0,1,
1,0,0,3,2,0,3,0,0,0,3,0,0,3,2,3,0,0,2,0,0,0,0,0,3,3,2,0,0,0,3,0,2,0,0,0,2,2,0,0,0,3,0,0,0,0,0,0,2,0,2,0,0,2,0,2,3,0,0,0,0,2,0,1,
1,0,0,0,0,0,3,3,0,0,0,0,3,2,3,3,2,0,0,0,0,2,0,0,0,2,0,0,0,0,0,0,0,0,0,0,3,2,0,0,0,0,0,0,0,0,0,3,0,0,0,3,0,0,0,3,0,0,3,0,0,0,0,1,
1,1,1,1,1,1,1,1,1,1,1,1,1,1,1,1,1,1,1,1,1,1,1,1,1,1,1,1,1,1,1,1,1,1,1,1,1,1,1,1,1,1,1,1,1,1,1,1,1,1,1,1,1,1,1,1,1,1,1,1,1,1,1,1,
}

uint8_t staticsprites_fx[] = {
0,0, 0,0, 0,0, 0,0, 0,0, 0,0, 0,0, 0,0, 0,0, 0,0, 0,0, 0,0, 0,0, 0,0, 0,0, 0,0, 0,0, 0,0, 0,0, 0,0, 0,0, 0,0, 0,0, 0,0, 0,0, 0,0, 0,0, 0,0, 0,0, 0,0, 0,0, 0,0, 0,0, 0,0, 0,0, 0,0, 0,0, 0,0, 0,0, 0,0, 0,0, 0,0, 0,0, 0,0, 0,0, 0,0, 0,0, 0,0, 0,0, 0,0, 0,0, 0,0, 0,0, 0,0, 0,0, 0,0, 0,0, 0,0, 0,0, 0,0, 0,0, 0,0, 0,0, 0,0, 
0,0, 0,0, 0,0, 0,0, 0,0, 0,0, 0,0, 0,0, 0,0, 0,0, 0,0, 0,0, 0,0, 0,0, 0,0, 0,0, 0,0, 0,0, 0,0, 11,200, 0,0, 11,21, 0,0, 0,0, 0,0, 0,0, 0,0, 11,124, 0,0, 0,0, 0,0, 0,0, 0,0, 0,0, 0,0, 0,0, 0,0, 0,0, 0,0, 0,0, 0,0, 0,0, 0,0, 0,0, 0,0, 0,0, 0,0, 0,0, 0,0, 0,0, 0,0, 11,134, 0,0, 0,0, 0,0, 0,0, 0,0, 0,0, 0,0, 0,0, 0,0, 0,0, 0,0, 0,0, 
0,0, 0,0, 0,0, 0,0, 0,0, 0,0, 0,0, 0,0, 0,0, 0,0, 0,0, 0,0, 0,0, 0,0, 0,0, 0,0, 0,0, 0,0, 0,0, 0,0, 0,0, 0,0, 0,0, 0,0, 0,0, 11,135, 0,0, 0,0, 11,129, 0,0, 0,0, 0,0, 0,0, 0,0, 0,0, 0,0, 11,26, 0,0, 0,0, 0,0, 0,0, 0,0, 0,0, 0,0, 0,0, 0,0, 0,0, 0,0, 0,0, 0,0, 0,0, 0,0, 0,0, 0,0, 0,0, 0,0, 0,0, 0,0, 0,0, 0,0, 0,0, 0,0, 0,0, 0,0, 
0,0, 0,0, 0,0, 0,0, 0,0, 0,0, 0,0, 0,0, 0,0, 0,0, 0,0, 0,0, 11,217, 0,0, 0,0, 11,213, 0,0, 0,0, 0,0, 0,0, 0,0, 11,17, 0,0, 0,0, 0,0, 0,0, 0,0, 0,0, 0,0, 0,0, 0,0, 0,0, 0,0, 0,0, 0,0, 0,0, 0,0, 0,0, 0,0, 0,0, 11,152, 0,0, 0,0, 11,133, 0,0, 0,0, 0,0, 0,0, 0,0, 0,0, 0,0, 0,0, 0,0, 0,0, 0,0, 0,0, 0,0, 0,0, 0,0, 0,0, 0,0, 0,0, 0,0, 0,0, 
0,0, 0,0, 11,39, 0,0, 0,0, 0,0, 0,0, 0,0, 0,0, 0,0, 0,0, 0,0, 0,0, 0,0, 0,0, 0,0, 0,0, 0,0, 0,0, 0,0, 0,0, 0,0, 0,0, 0,0, 0,0, 0,0, 0,0, 0,0, 0,0, 11,5, 0,0, 0,0, 0,0, 0,0, 0,0, 0,0, 0,0, 11,103, 0,0, 0,0, 0,0, 0,0, 0,0, 0,0, 0,0, 0,0, 0,0, 0,0, 0,0, 0,0, 0,0, 0,0, 0,0, 0,0, 0,0, 0,0, 0,0, 0,0, 0,0, 0,0, 0,0, 0,0, 0,0, 0,0, 
0,0, 0,0, 0,0, 0,0, 0,0, 0,0, 0,0, 0,0, 0,0, 0,0, 0,0, 0,0, 0,0, 0,0, 0,0, 11,84, 0,0, 0,0, 0,0, 0,0, 0,0, 0,0, 0,0, 0,0, 0,0, 11,152, 0,0, 0,0, 0,0, 0,0, 0,0, 0,0, 0,0, 0,0, 0,0, 0,0, 0,0, 0,0, 0,0, 0,0, 0,0, 0,0, 0,0, 0,0, 0,0, 0,0, 0,0, 0,0, 0,0, 0,0, 0,0, 0,0, 0,0, 0,0, 0,0, 11,75, 0,0, 0,0, 0,0, 0,0, 0,0, 0,0, 0,0, 0,0, 
0,0, 0,0, 0,0, 0,0, 0,0, 0,0, 0,0, 0,0, 0,0, 0,0, 0,0, 0,0, 0,0, 0,0, 0,0, 0,0, 11,221, 0,0, 0,0, 0,0, 0,0, 0,0, 0,0, 0,0, 0,0, 0,0, 0,0, 0,0, 0,0, 0,0, 0,0, 0,0, 0,0, 0,0, 0,0, 0,0, 0,0, 0,0, 0,0, 0,0, 11,28, 0,0, 0,0, 0,0, 0,0, 0,0, 0,0, 0,0, 0,0, 0,0, 0,0, 0,0, 0,0, 0,0, 0,0, 0,0, 0,0, 0,0, 0,0, 0,0, 0,0, 0,0, 0,0, 0,0, 
0,0, 0,0, 0,0, 0,0, 0,0, 0,0, 0,0, 0,0, 0,0, 0,0, 0,0, 0,0, 0,0, 0,0, 0,0, 0,0, 0,0, 11,113, 0,0, 0,0, 0,0, 11,254, 0,0, 0,0, 0,0, 0,0, 0,0, 0,0, 0,0, 0,0, 0,0, 0,0, 0,0, 11,250, 0,0, 0,0, 0,0, 0,0, 0,0, 0,0, 0,0, 11,159, 0,0, 0,0, 11,230, 0,0, 0,0, 0,0, 0,0, 0,0, 0,0, 0,0, 0,0, 0,0, 0,0, 0,0, 0,0, 0,0, 0,0, 0,0, 0,0, 0,0, 0,0, 0,0, 
0,0, 0,0, 0,0, 0,0, 11,97, 11,181, 0,0, 0,0, 0,0, 0,0, 11,114, 0,0, 0,0, 0,0, 11,48, 0,0, 0,0, 0,0, 0,0, 0,0, 0,0, 0,0, 0,0, 0,0, 0,0, 0,0, 0,0, 0,0, 0,0, 0,0, 0,0, 0,0, 0,0, 0,0, 0,0, 0,0, 0,0, 0,0, 0,0, 0,0, 0,0, 0,0, 0,0, 0,0, 0,0, 0,0, 0,0, 11,221, 0,0, 0,0, 0,0, 0,0, 0,0, 11,141, 0,0, 0,0, 0,0, 0,0, 0,0, 0,0, 0,0, 0,0, 0,0, 0,0, 
0,0, 0,0, 0,0, 0,0, 0,0, 0,0, 0,0, 0,0, 0,0, 0,0, 0,0, 0,0, 0,0, 0,0, 0,0, 0,0, 0,0, 0,0, 0,0, 0,0, 0,0, 0,0, 0,0, 0,0, 11,17, 0,0, 0,0, 0,0, 0,0, 0,0, 0,0, 0,0, 0,0, 0,0, 0,0, 0,0, 0,0, 0,0, 0,0, 0,0, 0,0, 0,0, 0,0, 0,0, 0,0, 0,0, 0,0, 0,0, 0,0, 0,0, 0,0, 0,0, 0,0, 0,0, 0,0, 0,0, 0,0, 0,0, 0,0, 0,0, 11,196, 0,0, 0,0, 0,0, 
0,0, 0,0, 0,0, 11,10, 0,0, 0,0, 0,0, 0,0, 0,0, 0,0, 11,28, 0,0, 0,0, 0,0, 0,0, 0,0, 0,0, 0,0, 0,0, 0,0, 0,0, 0,0, 0,0, 0,0, 0,0, 0,0, 0,0, 0,0, 0,0, 0,0, 0,0, 0,0, 0,0, 0,0, 0,0, 0,0, 0,0, 0,0, 0,0, 0,0, 0,0, 0,0, 0,0, 0,0, 0,0, 0,0, 0,0, 0,0, 11,253, 0,0, 11,194, 0,0, 0,0, 0,0, 0,0, 0,0, 0,0, 0,0, 0,0, 0,0, 0,0, 0,0, 0,0, 0,0, 
0,0, 11,12, 0,0, 0,0, 0,0, 0,0, 0,0, 0,0, 0,0, 0,0, 0,0, 0,0, 0,0, 0,0, 0,0, 0,0, 0,0, 0,0, 0,0, 0,0, 0,0, 0,0, 11,96, 0,0, 0,0, 11,107, 0,0, 0,0, 0,0, 0,0, 0,0, 0,0, 0,0, 0,0, 0,0, 0,0, 0,0, 0,0, 0,0, 0,0, 11,223, 0,0, 0,0, 0,0, 11,15, 0,0, 0,0, 0,0, 0,0, 0,0, 0,0, 0,0, 0,0, 0,0, 0,0, 11,55, 0,0, 0,0, 0,0, 0,0, 0,0, 0,0, 0,0, 0,0, 
0,0, 0,0, 0,0, 0,0, 0,0, 0,0, 0,0, 0,0, 0,0, 0,0, 0,0, 0,0, 0,0, 0,0, 0,0, 0,0, 0,0, 0,0, 0,0, 0,0, 0,0, 11,45, 0,0, 11,40, 0,0, 0,0, 0,0, 0,0, 0,0, 0,0, 0,0, 0,0, 0,0, 0,0, 0,0, 0,0, 0,0, 0,0, 0,0, 0,0, 0,0, 0,0, 0,0, 0,0, 0,0, 0,0, 0,0, 0,0, 0,0, 0,0, 0,0, 0,0, 0,0, 0,0, 0,0, 0,0, 0,0, 0,0, 0,0, 0,0, 0,0, 11,157, 11,24, 0,0, 
0,0, 0,0, 0,0, 0,0, 0,0, 0,0, 0,0, 0,0, 0,0, 0,0, 0,0, 0,0, 11,252, 0,0, 0,0, 0,0, 0,0, 0,0, 0,0, 0,0, 0,0, 0,0, 0,0, 0,0, 0,0, 0,0, 0,0, 0,0, 0,0, 0,0, 0,0, 11,81, 0,0, 0,0, 0,0, 0,0, 0,0, 0,0, 0,0, 0,0, 0,0, 0,0, 0,0, 0,0, 0,0, 0,0, 0,0, 0,0, 0,0, 0,0, 0,0, 0,0, 0,0, 0,0, 0,0, 0,0, 0,0, 0,0, 0,0, 0,0, 0,0, 0,0, 0,0, 0,0, 
0,0, 0,0, 0,0, 0,0, 0,0, 0,0, 0,0, 0,0, 0,0, 0,0, 0,0, 0,0, 0,0, 0,0, 0,0, 0,0, 0,0, 0,0, 0,0, 0,0, 11,236, 11,177, 0,0, 0,0, 0,0, 0,0, 0,0, 0,0, 0,0, 11,253, 0,0, 0,0, 0,0, 0,0, 0,0, 0,0, 0,0, 0,0, 0,0, 0,0, 0,0, 0,0, 0,0, 0,0, 0,0, 11,52, 0,0, 0,0, 0,0, 0,0, 0,0, 0,0, 0,0, 0,0, 0,0, 0,0, 0,0, 0,0, 0,0, 0,0, 0,0, 0,0, 0,0, 0,0, 
0,0, 0,0, 0,0, 0,0, 0,0, 0,0, 0,0, 0,0, 0,0, 0,0, 0,0, 0,0, 11,130, 0,0, 0,0, 0,0, 0,0, 0,0, 0,0, 0,0, 0,0, 0,0, 0,0, 0,0, 0,0, 0,0, 0,0, 0,0, 0,0, 0,0, 0,0, 0,0, 0,0, 0,0, 0,0, 0,0, 0,0, 0,0, 0,0, 0,0, 0,0, 0,0, 0,0, 0,0, 0,0, 0,0, 0,0, 0,0, 0,0, 0,0, 0,0, 0,0, 0,0, 0,0, 0,0, 0,0, 0,0, 0,0, 0,0, 0,0, 0,0, 0,0, 0,0, 0,0, 
0,0, 0,0, 0,0, 0,0, 0,0, 0,0, 0,0, 0,0, 0,0, 0,0, 0,0, 0,0, 0,0, 0,0, 0,0, 0,0, 0,0, 0,0, 0,0, 0,0, 0,0, 0,0, 0,0, 0,0, 0,0, 0,0, 0,0, 0,0, 0,0, 0,0, 0,0, 11,203, 0,0, 0,0, 11,201, 0,0, 0,0, 0,0, 0,0, 0,0, 11,113, 0,0, 0,0, 11,135, 0,0, 0,0, 0,0, 0,0, 0,0, 0,0, 0,0, 0,0, 0,0, 0,0, 0,0, 0,0, 0,0, 0,0, 0,0, 0,0, 0,0, 11,123, 0,0, 0,0, 
0,0, 0,0, 0,0, 0,0, 0,0, 0,0, 0,0, 0,0, 0,0, 0,0, 0,0, 0,0, 0,0, 0,0, 0,0, 0,0, 0,0, 0,0, 0,0, 11,227, 0,0, 0,0, 0,0, 0,0, 0,0, 0,0, 0,0, 0,0, 0,0, 0,0, 0,0, 0,0, 0,0, 0,0, 0,0, 0,0, 0,0, 0,0, 11,131, 0,0, 0,0, 0,0, 0,0, 0,0, 0,0, 0,0, 0,0, 0,0, 0,0, 0,0, 0,0, 0,0, 0,0, 0,0, 0,0, 0,0, 0,0, 0,0, 0,0, 0,0, 0,0, 0,0, 0,0, 0,0, 
0,0, 11,26, 0,0, 0,0, 0,0, 11,234, 0,0, 0,0, 0,0, 0,0, 0,0, 0,0, 11,118, 0,0, 0,0, 0,0, 0,0, 0,0, 0,0, 0,0, 0,0, 0,0, 0,0, 0,0, 0,0, 11,78, 0,0, 0,0, 0,0, 0,0, 0,0, 0,0, 0,0, 0,0, 0,0, 0,0, 0,0, 0,0, 0,0, 0,0, 0,0, 11,183, 0,0, 0,0, 0,0, 0,0, 11,1, 0,0, 0,0, 0,0, 0,0, 0,0, 0,0, 0,0, 0,0, 0,0, 0,0, 0,0, 0,0, 0,0, 0,0, 0,0, 0,0, 0,0, 
0,0, 0,0, 0,0, 0,0, 0,0, 0,0, 0,0, 0,0, 0,0, 0,0, 0,0, 0,0, 0,0, 0,0, 0,0, 11,60, 0,0, 0,0, 0,0, 11,82, 0,0, 0,0, 0,0, 0,0, 0,0, 0,0, 0,0, 0,0, 0,0, 0,0, 0,0, 11,8, 0,0, 0,0, 0,0, 0,0, 0,0, 0,0, 0,0, 0,0, 0,0, 0,0, 0,0, 0,0, 0,0, 0,0, 0,0, 0,0, 0,0, 11,179, 0,0, 0,0, 0,0, 0,0, 0,0, 0,0, 0,0, 0,0, 0,0, 0,0, 0,0, 0,0, 0,0, 0,0, 
0,0, 0,0, 0,0, 0,0, 0,0, 0,0, 0,0, 0,0, 0,0, 0,0, 0,0, 0,0, 0,0, 0,0, 0,0, 0,0, 0,0, 0,0, 0,0, 0,0, 0,0, 0,0, 0,0, 0,0, 0,0, 0,0, 0,0, 0,0, 0,0, 0,0, 0,0, 0,0, 0,0, 0,0, 0,0, 0,0, 0,0, 0,0, 0,0, 0,0, 0,0, 0,0, 0,0, 0,0, 0,0, 0,0, 0,0, 0,0, 0,0, 0,0, 0,0, 0,0, 0,0, 0,0, 11,143, 0,0, 0,0, 0,0, 0,0, 0,0, 11,27, 0,0, 0,0, 0,0, 
0,0, 0,0, 11,145, 0,0, 0,0, 0,0, 0,0, 0,0, 0,0, 0,0, 0,0, 0,0, 0,0, 0,0, 0,0, 0,0, 0,0, 0,0, 0,0, 0,0, 0,0, 0,0, 11,219, 0,0, 0,0, 0,0, 11,248, 0,0, 0,0, 0,0, 0,0, 11,110, 0,0, 0,0, 0,0, 0,0, 0,0, 0,0, 0,0, 0,0, 0,0, 0,0, 0,0, 0,0, 0,0, 0,0, 0,0, 0,0, 0,0, 0,0, 0,0, 0,0, 11,4, 0,0, 0,0, 0,0, 0,0, 0,0, 0,0, 0,0, 0,0, 0,0, 0,0, 0,0, 
0,0, 0,0, 0,0, 0,0, 0,0, 11,89, 0,0, 0,0, 0,0, 0,0, 11,113, 0,0, 0,0, 0,0, 0,0, 0,0, 0,0, 0,0, 0,0, 0,0, 0,0, 0,0, 0,0, 0,0, 0,0, 0,0, 0,0, 0,0, 0,0, 0,0, 0,0, 0,0, 0,0, 0,0, 0,0, 0,0, 0,0, 0,0, 0,0, 0,0, 0,0, 0,0, 0,0, 0,0, 11,234, 0,0, 0,0, 0,0, 0,0, 0,0, 0,0, 0,0, 0,0, 0,0, 0,0, 0,0, 0,0, 0,0, 0,0, 0,0, 0,0, 0,0, 0,0, 0,0, 
0,0, 0,0, 0,0, 0,0, 0,0, 0,0, 11,19, 0,0, 0,0, 0,0, 0,0, 0,0, 0,0, 0,0, 0,0, 0,0, 0,0, 0,0, 0,0, 0,0, 0,0, 0,0, 0,0, 0,0, 0,0, 0,0, 0,0, 0,0, 0,0, 0,0, 0,0, 0,0, 0,0, 0,0, 0,0, 0,0, 0,0, 0,0, 0,0, 0,0, 0,0, 0,0, 0,0, 0,0, 0,0, 0,0, 0,0, 0,0, 0,0, 0,0, 0,0, 0,0, 11,199, 0,0, 0,0, 0,0, 0,0, 0,0, 0,0, 0,0, 0,0, 0,0, 0,0, 0,0, 
0,0, 0,0, 0,0, 0,0, 0,0, 0,0, 0,0, 0,0, 0,0, 0,0, 0,0, 0,0, 0,0, 0,0, 0,0, 0,0, 0,0, 0,0, 0,0, 0,0, 0,0, 0,0, 11,81, 0,0, 0,0, 0,0, 0,0, 0,0, 0,0, 0,0, 0,0, 0,0, 0,0, 0,0, 0,0, 0,0, 0,0, 0,0, 11,4, 11,64, 0,0, 0,0, 0,0, 0,0, 0,0, 11,37, 0,0, 0,0, 0,0, 0,0, 0,0, 0,0, 0,0, 0,0, 0,0, 0,0, 0,0, 0,0, 0,0, 0,0, 0,0, 0,0, 11,26, 0,0, 
0,0, 0,0, 0,0, 0,0, 0,0, 0,0, 0,0, 0,0, 0,0, 0,0, 0,0, 0,0, 0,0, 0,0, 0,0, 0,0, 0,0, 0,0, 0,0, 0,0, 0,0, 0,0, 11,77, 0,0, 0,0, 0,0, 0,0, 0,0, 0,0, 0,0, 0,0, 0,0, 0,0, 0,0, 0,0, 0,0, 0,0, 0,0, 0,0, 0,0, 0,0, 0,0, 0,0, 0,0, 0,0, 0,0, 0,0, 0,0, 0,0, 0,0, 0,0, 0,0, 0,0, 11,13, 0,0, 0,0, 0,0, 0,0, 0,0, 0,0, 11,147, 0,0, 0,0, 0,0, 
0,0, 11,128, 0,0, 0,0, 0,0, 0,0, 0,0, 0,0, 0,0, 0,0, 0,0, 0,0, 0,0, 0,0, 0,0, 0,0, 0,0, 0,0, 11,126, 0,0, 0,0, 0,0, 0,0, 0,0, 0,0, 11,245, 0,0, 0,0, 0,0, 0,0, 0,0, 0,0, 0,0, 0,0, 0,0, 0,0, 0,0, 11,169, 11,17, 0,0, 0,0, 0,0, 0,0, 0,0, 0,0, 0,0, 0,0, 0,0, 0,0, 0,0, 0,0, 0,0, 0,0, 0,0, 0,0, 0,0, 0,0, 0,0, 0,0, 0,0, 0,0, 0,0, 0,0, 0,0, 
0,0, 0,0, 0,0, 0,0, 0,0, 0,0, 0,0, 0,0, 0,0, 0,0, 0,0, 0,0, 0,0, 0,0, 0,0, 0,0, 0,0, 0,0, 0,0, 0,0, 0,0, 0,0, 0,0, 0,0, 0,0, 0,0, 0,0, 0,0, 0,0, 0,0, 0,0, 0,0, 0,0, 0,0, 0,0, 0,0, 0,0, 0,0, 0,0, 0,0, 0,0, 0,0, 0,0, 0,0, 0,0, 0,0, 0,0, 0,0, 0,0, 0,0, 11,7, 0,0, 0,0, 0,0, 0,0, 0,0, 0,0, 0,0, 0,0, 0,0, 0,0, 11,35, 0,0, 0,0, 
0,0, 0,0, 0,0, 0,0, 0,0, 0,0, 0,0, 0,0, 0,0, 0,0, 0,0, 0,0, 0,0, 0,0, 0,0, 0,0, 0,0, 0,0, 0,0, 0,0, 0,0, 0,0, 0,0, 0,0, 0,0, 0,0, 0,0, 0,0, 0,0, 0,0, 0,0, 0,0, 0,0, 0,0, 0,0, 11,143, 0,0, 11,84, 0,0, 0,0, 0,0, 0,0, 0,0, 0,0, 0,0, 0,0, 0,0, 0,0, 0,0, 0,0, 11,120, 0,0, 0,0, 0,0, 0,0, 0,0, 0,0, 0,0, 0,0, 0,0, 0,0, 0,0, 0,0, 0,0, 
0,0, 0,0, 0,0, 0,0, 0,0, 0,0, 0,0, 0,0, 0,0, 0,0, 0,0, 0,0, 0,0, 0,0, 0,0, 0,0, 0,0, 0,0, 0,0, 0,0, 0,0, 0,0, 0,0, 0,0, 0,0, 0,0, 0,0, 0,0, 0,0, 0,0, 0,0, 0,0, 0,0, 0,0, 0,0, 0,0, 0,0, 0,0, 0,0, 0,0, 0,0, 0,0, 0,0, 0,0, 11,213, 0,0, 0,0, 0,0, 0,0, 0,0, 0,0, 0,0, 0,0, 0,0, 11,142, 0,0, 0,0, 0,0, 0,0, 0,0, 0,0, 11,70, 0,0, 0,0, 
0,0, 0,0, 0,0, 0,0, 0,0, 0,0, 0,0, 0,0, 0,0, 0,0, 0,0, 0,0, 0,0, 0,0, 0,0, 0,0, 0,0, 0,0, 0,0, 0,0, 0,0, 0,0, 0,0, 11,216, 0,0, 0,0, 0,0, 11,8, 0,0, 0,0, 0,0, 0,0, 0,0, 0,0, 0,0, 0,0, 0,0, 0,0, 0,0, 0,0, 0,0, 0,0, 0,0, 0,0, 11,159, 0,0, 0,0, 0,0, 0,0, 0,0, 0,0, 0,0, 0,0, 0,0, 0,0, 0,0, 0,0, 0,0, 0,0, 0,0, 11,201, 0,0, 0,0, 0,0, 
0,0, 0,0, 0,0, 0,0, 0,0, 0,0, 0,0, 0,0, 0,0, 0,0, 0,0, 0,0, 0,0, 0,0, 0,0, 0,0, 0,0, 11,118, 11,4, 0,0, 0,0, 0,0, 0,0, 0,0, 0,0, 0,0, 0,0, 0,0, 0,0, 0,0, 0,0, 0,0, 0,0, 0,0, 0,0, 0,0, 0,0, 0,0, 0,0, 0,0, 0,0, 0,0, 0,0, 0,0, 0,0, 0,0, 0,0, 0,0, 0,0, 0,0, 0,0, 11,72, 0,0, 0,0, 0,0, 0,0, 0,0, 0,0, 0,0, 0,0, 0,0, 0,0, 0,0, 0,0, 
0,0, 11,80, 0,0, 0,0, 0,0, 0,0, 0,0, 0,0, 0,0, 0,0, 0,0, 0,0, 0,0, 0,0, 0,0, 0,0, 0,0, 0,0, 0,0, 0,0, 0,0, 0,0, 0,0, 11,56, 0,0, 0,0, 0,0, 0,0, 0,0, 0,0, 0,0, 0,0, 0,0, 0,0, 0,0, 0,0, 0,0, 0,0, 0,0, 0,0, 0,0, 0,0, 0,0, 0,0, 0,0, 0,0, 0,0, 0,0, 0,0, 0,0, 0,0, 0,0, 0,0, 0,0, 0,0, 0,0, 0,0, 0,0, 0,0, 0,0, 0,0, 0,0, 0,0, 0,0, 
0,0, 0,0, 0,0, 0,0, 0,0, 0,0, 0,0, 0,0, 11,233, 0,0, 0,0, 0,0, 0,0, 0,0, 0,0, 0,0, 0,0, 0,0, 0,0, 0,0, 0,0, 11,105, 11,107, 0,0, 0,0, 0,0, 0,0, 0,0, 0,0, 0,0, 0,0, 0,0, 0,0, 0,0, 0,0, 11,247, 0,0, 0,0, 0,0, 0,0, 0,0, 0,0, 0,0, 0,0, 0,0, 0,0, 0,0, 0,0, 0,0, 0,0, 0,0, 0,0, 0,0, 0,0, 0,0, 0,0, 0,0, 0,0, 0,0, 0,0, 0,0, 0,0, 0,0, 0,0, 
0,0, 0,0, 0,0, 0,0, 0,0, 0,0, 0,0, 0,0, 0,0, 11,10, 0,0, 0,0, 0,0, 0,0, 0,0, 0,0, 11,196, 11,242, 0,0, 0,0, 0,0, 0,0, 0,0, 11,79, 0,0, 0,0, 0,0, 0,0, 0,0, 0,0, 0,0, 0,0, 0,0, 0,0, 0,0, 0,0, 0,0, 0,0, 0,0, 0,0, 0,0, 0,0, 0,0, 0,0, 0,0, 0,0, 0,0, 0,0, 0,0, 0,0, 0,0, 0,0, 0,0, 0,0, 0,0, 0,0, 0,0, 0,0, 0,0, 0,0, 0,0, 0,0, 0,0, 0,0, 
0,0, 0,0, 0,0, 0,0, 0,0, 11,139, 0,0, 0,0, 0,0, 0,0, 0,0, 0,0, 0,0, 0,0, 0,0, 0,0, 0,0, 0,0, 0,0, 0,0, 0,0, 0,0, 0,0, 0,0, 0,0, 0,0, 0,0, 0,0, 0,0, 0,0, 0,0, 0,0, 0,0, 0,0, 0,0, 0,0, 0,0, 11,237, 0,0, 0,0, 0,0, 0,0, 0,0, 0,0, 0,0, 11,44, 0,0, 0,0, 0,0, 11,169, 0,0, 0,0, 11,123, 0,0, 0,0, 0,0, 0,0, 0,0, 0,0, 0,0, 0,0, 0,0, 0,0, 0,0, 
0,0, 0,0, 11,206, 0,0, 0,0, 0,0, 0,0, 11,119, 0,0, 11,190, 0,0, 11,166, 0,0, 0,0, 11,106, 0,0, 0,0, 0,0, 0,0, 0,0, 0,0, 0,0, 0,0, 0,0, 0,0, 11,10, 0,0, 0,0, 0,0, 0,0, 0,0, 0,0, 0,0, 0,0, 0,0, 0,0, 11,165, 0,0, 0,0, 0,0, 0,0, 0,0, 0,0, 0,0, 0,0, 0,0, 0,0, 0,0, 0,0, 0,0, 0,0, 0,0, 0,0, 0,0, 0,0, 0,0, 11,184, 0,0, 11,194, 0,0, 0,0, 0,0, 0,0, 0,0, 
0,0, 0,0, 0,0, 0,0, 0,0, 0,0, 0,0, 0,0, 0,0, 0,0, 0,0, 0,0, 0,0, 0,0, 0,0, 11,44, 0,0, 0,0, 0,0, 0,0, 0,0, 0,0, 0,0, 0,0, 0,0, 0,0, 0,0, 0,0, 0,0, 0,0, 0,0, 0,0, 0,0, 0,0, 0,0, 0,0, 0,0, 0,0, 0,0, 0,0, 0,0, 0,0, 0,0, 0,0, 0,0, 0,0, 0,0, 0,0, 0,0, 0,0, 0,0, 0,0, 0,0, 0,0, 0,0, 0,0, 0,0, 0,0, 0,0, 0,0, 0,0, 0,0, 0,0, 0,0, 
0,0, 0,0, 0,0, 0,0, 0,0, 0,0, 11,105, 0,0, 0,0, 0,0, 0,0, 0,0, 0,0, 0,0, 0,0, 0,0, 0,0, 0,0, 0,0, 0,0, 0,0, 0,0, 0,0, 0,0, 0,0, 0,0, 11,53, 0,0, 0,0, 0,0, 0,0, 0,0, 0,0, 0,0, 0,0, 0,0, 0,0, 0,0, 0,0, 0,0, 0,0, 0,0, 0,0, 0,0, 0,0, 0,0, 0,0, 0,0, 0,0, 0,0, 0,0, 0,0, 0,0, 0,0, 0,0, 0,0, 0,0, 0,0, 0,0, 0,0, 0,0, 0,0, 0,0, 0,0, 
0,0, 0,0, 0,0, 0,0, 0,0, 0,0, 0,0, 0,0, 0,0, 0,0, 0,0, 0,0, 0,0, 0,0, 0,0, 0,0, 0,0, 0,0, 0,0, 0,0, 0,0, 0,0, 0,0, 0,0, 0,0, 0,0, 0,0, 0,0, 0,0, 0,0, 0,0, 11,127, 0,0, 0,0, 0,0, 0,0, 0,0, 11,15, 0,0, 0,0, 0,0, 0,0, 0,0, 0,0, 0,0, 0,0, 0,0, 0,0, 0,0, 0,0, 0,0, 0,0, 0,0, 0,0, 0,0, 0,0, 0,0, 0,0, 0,0, 0,0, 0,0, 0,0, 0,0, 0,0, 
0,0, 0,0, 0,0, 0,0, 0,0, 0,0, 0,0, 0,0, 0,0, 0,0, 0,0, 0,0, 0,0, 0,0, 0,0, 0,0, 0,0, 0,0, 0,0, 0,0, 0,0, 0,0, 11,123, 0,0, 0,0, 0,0, 0,0, 0,0, 0,0, 0,0, 0,0, 0,0, 0,0, 0,0, 0,0, 0,0, 0,0, 0,0, 0,0, 0,0, 0,0, 0,0, 0,0, 0,0, 0,0, 0,0, 0,0, 0,0, 0,0, 0,0, 0,0, 0,0, 0,0, 0,0, 0,0, 0,0, 0,0, 0,0, 0,0, 0,0, 0,0, 0,0, 0,0, 0,0, 
0,0, 0,0, 0,0, 0,0, 11,150, 0,0, 0,0, 0,0, 0,0, 0,0, 0,0, 0,0, 0,0, 0,0, 0,0, 0,0, 0,0, 0,0, 0,0, 0,0, 0,0, 0,0, 0,0, 0,0, 0,0, 0,0, 0,0, 0,0, 0,0, 0,0, 0,0, 0,0, 0,0, 0,0, 0,0, 0,0, 0,0, 0,0, 0,0, 0,0, 0,0, 0,0, 0,0, 0,0, 0,0, 0,0, 0,0, 0,0, 0,0, 0,0, 0,0, 11,85, 0,0, 0,0, 11,153, 0,0, 0,0, 0,0, 0,0, 0,0, 0,0, 0,0, 0,0, 0,0, 
0,0, 0,0, 0,0, 0,0, 0,0, 0,0, 11,66, 0,0, 0,0, 0,0, 0,0, 0,0, 0,0, 0,0, 0,0, 0,0, 0,0, 0,0, 0,0, 0,0, 0,0, 0,0, 0,0, 0,0, 0,0, 0,0, 0,0, 0,0, 11,86, 11,246, 0,0, 0,0, 11,231, 0,0, 0,0, 0,0, 0,0, 0,0, 0,0, 0,0, 0,0, 0,0, 0,0, 0,0, 0,0, 0,0, 0,0, 11,28, 0,0, 0,0, 0,0, 0,0, 0,0, 11,45, 0,0, 0,0, 0,0, 0,0, 0,0, 0,0, 0,0, 0,0, 0,0, 0,0, 
0,0, 0,0, 0,0, 0,0, 0,0, 0,0, 0,0, 0,0, 0,0, 0,0, 0,0, 0,0, 0,0, 0,0, 0,0, 0,0, 0,0, 0,0, 0,0, 0,0, 0,0, 0,0, 11,238, 11,193, 0,0, 0,0, 0,0, 0,0, 0,0, 0,0, 0,0, 0,0, 0,0, 0,0, 0,0, 0,0, 0,0, 0,0, 0,0, 0,0, 0,0, 0,0, 0,0, 0,0, 0,0, 0,0, 0,0, 0,0, 0,0, 0,0, 0,0, 0,0, 0,0, 0,0, 0,0, 0,0, 0,0, 0,0, 0,0, 0,0, 0,0, 0,0, 0,0, 0,0, 
0,0, 0,0, 0,0, 0,0, 0,0, 0,0, 0,0, 0,0, 0,0, 0,0, 0,0, 0,0, 0,0, 0,0, 11,129, 0,0, 0,0, 0,0, 0,0, 0,0, 0,0, 0,0, 0,0, 0,0, 0,0, 0,0, 0,0, 0,0, 0,0, 0,0, 0,0, 0,0, 0,0, 0,0, 0,0, 0,0, 0,0, 0,0, 0,0, 0,0, 0,0, 0,0, 0,0, 0,0, 0,0, 0,0, 0,0, 0,0, 11,131, 11,248, 0,0, 0,0, 11,69, 0,0, 0,0, 0,0, 0,0, 0,0, 0,0, 11,171, 0,0, 11,194, 0,0, 0,0, 
0,0, 0,0, 0,0, 0,0, 0,0, 0,0, 0,0, 0,0, 0,0, 0,0, 0,0, 0,0, 0,0, 11,79, 0,0, 11,198, 0,0, 0,0, 11,227, 0,0, 11,49, 0,0, 0,0, 0,0, 11,234, 11,234, 0,0, 0,0, 0,0, 0,0, 0,0, 0,0, 0,0, 0,0, 0,0, 0,0, 0,0, 0,0, 0,0, 0,0, 0,0, 0,0, 0,0, 0,0, 0,0, 0,0, 0,0, 0,0, 0,0, 0,0, 0,0, 0,0, 0,0, 0,0, 0,0, 0,0, 0,0, 0,0, 0,0, 0,0, 0,0, 11,98, 0,0, 0,0, 
0,0, 0,0, 0,0, 0,0, 0,0, 0,0, 0,0, 0,0, 0,0, 11,54, 0,0, 11,34, 0,0, 0,0, 11,118, 0,0, 0,0, 0,0, 0,0, 0,0, 0,0, 0,0, 0,0, 0,0, 0,0, 0,0, 0,0, 0,0, 0,0, 0,0, 0,0, 0,0, 0,0, 0,0, 0,0, 0,0, 0,0, 0,0, 0,0, 0,0, 0,0, 0,0, 0,0, 0,0, 0,0, 0,0, 0,0, 0,0, 0,0, 0,0, 0,0, 0,0, 0,0, 0,0, 0,0, 0,0, 0,0, 11,67, 0,0, 11,217, 0,0, 0,0, 0,0, 0,0, 
0,0, 0,0, 0,0, 0,0, 0,0, 0,0, 0,0, 0,0, 0,0, 0,0, 0,0, 0,0, 0,0, 0,0, 0,0, 0,0, 0,0, 0,0, 0,0, 0,0, 0,0, 0,0, 0,0, 0,0, 0,0, 0,0, 0,0, 0,0, 0,0, 0,0, 0,0, 0,0, 0,0, 0,0, 0,0, 0,0, 0,0, 0,0, 0,0, 0,0, 0,0, 0,0, 0,0, 11,189, 0,0, 0,0, 0,0, 0,0, 0,0, 0,0, 0,0, 0,0, 0,0, 0,0, 0,0, 0,0, 0,0, 11,222, 0,0, 0,0, 0,0, 0,0, 0,0, 0,0, 
0,0, 0,0, 0,0, 0,0, 0,0, 0,0, 0,0, 0,0, 0,0, 0,0, 0,0, 0,0, 0,0, 0,0, 0,0, 0,0, 0,0, 0,0, 0,0, 11,84, 0,0, 0,0, 0,0, 0,0, 0,0, 0,0, 0,0, 0,0, 0,0, 0,0, 0,0, 0,0, 0,0, 0,0, 0,0, 0,0, 0,0, 0,0, 11,131, 11,254, 0,0, 0,0, 0,0, 0,0, 0,0, 0,0, 0,0, 0,0, 0,0, 0,0, 0,0, 0,0, 0,0, 0,0, 0,0, 11,215, 0,0, 0,0, 0,0, 0,0, 0,0, 0,0, 11,71, 0,0, 
0,0, 0,0, 0,0, 0,0, 0,0, 0,0, 0,0, 0,0, 11,204, 11,118, 0,0, 0,0, 0,0, 0,0, 0,0, 0,0, 0,0, 0,0, 0,0, 0,0, 0,0, 0,0, 0,0, 0,0, 0,0, 0,0, 0,0, 0,0, 0,0, 0,0, 0,0, 0,0, 0,0, 0,0, 0,0, 0,0, 0,0, 0,0, 0,0, 0,0, 11,228, 0,0, 0,0, 0,0, 0,0, 0,0, 0,0, 0,0, 0,0, 0,0, 0,0, 0,0, 0,0, 0,0, 11,74, 0,0, 0,0, 0,0, 0,0, 0,0, 0,0, 11,13, 0,0, 0,0, 
0,0, 0,0, 11,184, 0,0, 0,0, 0,0, 0,0, 0,0, 0,0, 0,0, 0,0, 0,0, 0,0, 0,0, 0,0, 0,0, 0,0, 11,144, 0,0, 11,107, 0,0, 0,0, 0,0, 0,0, 0,0, 0,0, 0,0, 0,0, 0,0, 0,0, 0,0, 0,0, 0,0, 0,0, 0,0, 0,0, 0,0, 0,0, 0,0, 0,0, 0,0, 0,0, 0,0, 0,0, 0,0, 0,0, 0,0, 0,0, 0,0, 0,0, 0,0, 0,0, 0,0, 0,0, 0,0, 0,0, 0,0, 0,0, 0,0, 0,0, 0,0, 0,0, 11,9, 0,0, 
0,0, 0,0, 0,0, 0,0, 11,202, 0,0, 0,0, 11,251, 0,0, 0,0, 0,0, 0,0, 0,0, 0,0, 0,0, 0,0, 11,226, 0,0, 0,0, 0,0, 11,115, 0,0, 0,0, 0,0, 0,0, 0,0, 0,0, 0,0, 0,0, 0,0, 0,0, 0,0, 0,0, 0,0, 0,0, 0,0, 0,0, 0,0, 0,0, 0,0, 0,0, 11,26, 0,0, 0,0, 0,0, 0,0, 0,0, 0,0, 0,0, 0,0, 0,0, 0,0, 0,0, 0,0, 0,0, 0,0, 11,150, 0,0, 11,192, 0,0, 0,0, 11,28, 0,0, 0,0, 
0,0, 0,0, 0,0, 0,0, 0,0, 0,0, 0,0, 0,0, 0,0, 0,0, 0,0, 11,111, 0,0, 0,0, 0,0, 0,0, 0,0, 0,0, 0,0, 0,0, 0,0, 0,0, 0,0, 0,0, 0,0, 0,0, 0,0, 0,0, 11,228, 0,0, 0,0, 0,0, 0,0, 0,0, 0,0, 11,41, 0,0, 0,0, 0,0, 0,0, 0,0, 0,0, 0,0, 11,245, 0,0, 0,0, 0,0, 0,0, 0,0, 0,0, 0,0, 0,0, 0,0, 0,0, 0,0, 0,0, 0,0, 0,0, 0,0, 0,0, 0,0, 0,0, 0,0, 0,0, 
0,0, 0,0, 0,0, 0,0, 0,0, 0,0, 0,0, 0,0, 0,0, 0,0, 0,0, 0,0, 0,0, 0,0, 0,0, 0,0, 11,227, 0,0, 11,150, 0,0, 0,0, 0,0, 0,0, 0,0, 0,0, 0,0, 0,0, 0,0, 0,0, 0,0, 11,36, 0,0, 0,0, 0,0, 0,0, 0,0, 0,0, 0,0, 0,0, 0,0, 0,0, 0,0, 0,0, 0,0, 0,0, 0,0, 0,0, 0,0, 0,0, 0,0, 0,0, 0,0, 0,0, 0,0, 0,0, 0,0, 0,0, 11,24, 0,0, 0,0, 0,0, 0,0, 0,0, 0,0, 
0,0, 11,221, 0,0, 0,0, 11,145, 0,0, 0,0, 0,0, 0,0, 0,0, 0,0, 0,0, 0,0, 0,0, 0,0, 0,0, 0,0, 0,0, 11,248, 0,0, 0,0, 0,0, 0,0, 0,0, 0,0, 0,0, 0,0, 0,0, 0,0, 0,0, 0,0, 0,0, 11,139, 0,0, 0,0, 0,0, 0,0, 0,0, 0,0, 0,0, 0,0, 0,0, 11,113, 0,0, 0,0, 0,0, 0,0, 0,0, 0,0, 0,0, 0,0, 0,0, 0,0, 0,0, 0,0, 0,0, 0,0, 11,64, 0,0, 0,0, 0,0, 0,0, 0,0, 0,0, 
0,0, 0,0, 0,0, 0,0, 0,0, 0,0, 0,0, 0,0, 0,0, 0,0, 0,0, 0,0, 0,0, 0,0, 0,0, 0,0, 0,0, 0,0, 0,0, 0,0, 0,0, 11,163, 0,0, 0,0, 0,0, 0,0, 0,0, 0,0, 0,0, 0,0, 0,0, 0,0, 0,0, 11,85, 0,0, 0,0, 11,213, 0,0, 11,196, 0,0, 11,132, 0,0, 0,0, 0,0, 0,0, 0,0, 0,0, 0,0, 0,0, 0,0, 0,0, 0,0, 0,0, 0,0, 0,0, 0,0, 0,0, 0,0, 0,0, 0,0, 0,0, 0,0, 0,0, 0,0, 
0,0, 0,0, 0,0, 0,0, 0,0, 0,0, 11,220, 0,0, 0,0, 11,33, 11,73, 0,0, 0,0, 0,0, 0,0, 0,0, 0,0, 0,0, 0,0, 0,0, 0,0, 0,0, 0,0, 0,0, 0,0, 0,0, 0,0, 0,0, 0,0, 0,0, 11,70, 0,0, 0,0, 0,0, 11,253, 0,0, 0,0, 11,156, 0,0, 11,65, 0,0, 0,0, 0,0, 0,0, 0,0, 0,0, 0,0, 0,0, 0,0, 0,0, 0,0, 0,0, 0,0, 0,0, 11,219, 0,0, 0,0, 0,0, 0,0, 0,0, 11,22, 0,0, 0,0, 0,0, 
0,0, 0,0, 0,0, 0,0, 0,0, 0,0, 0,0, 11,155, 0,0, 0,0, 11,0, 0,0, 0,0, 0,0, 0,0, 0,0, 0,0, 0,0, 0,0, 0,0, 0,0, 0,0, 0,0, 0,0, 0,0, 0,0, 0,0, 0,0, 0,0, 0,0, 0,0, 0,0, 0,0, 0,0, 0,0, 0,0, 0,0, 0,0, 0,0, 0,0, 0,0, 0,0, 0,0, 0,0, 0,0, 0,0, 0,0, 0,0, 0,0, 0,0, 0,0, 0,0, 0,0, 0,0, 0,0, 0,0, 0,0, 0,0, 0,0, 0,0, 0,0, 0,0, 0,0, 0,0, 
0,0, 0,0, 11,166, 0,0, 0,0, 0,0, 0,0, 0,0, 0,0, 0,0, 0,0, 0,0, 0,0, 0,0, 0,0, 0,0, 0,0, 0,0, 0,0, 0,0, 0,0, 0,0, 0,0, 0,0, 0,0, 0,0, 0,0, 0,0, 0,0, 11,241, 0,0, 0,0, 0,0, 0,0, 0,0, 11,12, 0,0, 0,0, 0,0, 0,0, 11,217, 0,0, 0,0, 0,0, 0,0, 0,0, 0,0, 0,0, 0,0, 0,0, 0,0, 0,0, 0,0, 0,0, 11,95, 0,0, 0,0, 0,0, 0,0, 0,0, 0,0, 0,0, 0,0, 0,0, 
0,0, 0,0, 0,0, 0,0, 0,0, 0,0, 0,0, 0,0, 0,0, 0,0, 0,0, 0,0, 0,0, 0,0, 0,0, 0,0, 0,0, 0,0, 0,0, 0,0, 0,0, 0,0, 0,0, 0,0, 0,0, 0,0, 0,0, 11,86, 11,20, 0,0, 0,0, 11,155, 0,0, 0,0, 0,0, 0,0, 0,0, 0,0, 0,0, 0,0, 0,0, 0,0, 0,0, 0,0, 0,0, 0,0, 0,0, 11,207, 0,0, 0,0, 11,160, 0,0, 0,0, 0,0, 0,0, 0,0, 0,0, 0,0, 0,0, 0,0, 0,0, 0,0, 0,0, 0,0, 
0,0, 0,0, 11,168, 0,0, 0,0, 0,0, 0,0, 0,0, 0,0, 0,0, 0,0, 0,0, 0,0, 0,0, 0,0, 0,0, 0,0, 0,0, 0,0, 0,0, 0,0, 11,93, 0,0, 0,0, 0,0, 0,0, 0,0, 0,0, 0,0, 0,0, 0,0, 0,0, 0,0, 0,0, 11,51, 0,0, 0,0, 0,0, 0,0, 0,0, 0,0, 0,0, 0,0, 0,0, 0,0, 0,0, 0,0, 0,0, 0,0, 11,165, 0,0, 0,0, 0,0, 0,0, 0,0, 0,0, 11,68, 11,201, 0,0, 0,0, 0,0, 0,0, 0,0, 0,0, 
0,0, 0,0, 0,0, 11,187, 0,0, 0,0, 0,0, 0,0, 11,143, 0,0, 0,0, 0,0, 0,0, 0,0, 0,0, 0,0, 0,0, 11,201, 0,0, 0,0, 0,0, 0,0, 0,0, 0,0, 0,0, 0,0, 0,0, 0,0, 0,0, 11,254, 0,0, 0,0, 0,0, 0,0, 0,0, 0,0, 0,0, 0,0, 0,0, 0,0, 0,0, 0,0, 0,0, 0,0, 0,0, 0,0, 0,0, 0,0, 0,0, 0,0, 0,0, 0,0, 0,0, 0,0, 0,0, 0,0, 11,3, 11,97, 0,0, 0,0, 0,0, 0,0, 0,0, 0,0, 
0,0, 0,0, 0,0, 0,0, 0,0, 0,0, 0,0, 0,0, 0,0, 0,0, 0,0, 0,0, 0,0, 0,0, 0,0, 0,0, 0,0, 0,0, 0,0, 0,0, 0,0, 0,0, 11,149, 0,0, 0,0, 0,0, 0,0, 0,0, 0,0, 11,48, 0,0, 0,0, 0,0, 0,0, 0,0, 0,0, 0,0, 0,0, 0,0, 0,0, 0,0, 0,0, 0,0, 0,0, 0,0, 0,0, 0,0, 0,0, 0,0, 0,0, 0,0, 0,0, 0,0, 0,0, 0,0, 0,0, 0,0, 0,0, 0,0, 0,0, 0,0, 11,194, 0,0, 0,0, 
0,0, 0,0, 0,0, 0,0, 0,0, 0,0, 0,0, 0,0, 0,0, 0,0, 0,0, 0,0, 0,0, 0,0, 0,0, 0,0, 0,0, 0,0, 0,0, 0,0, 0,0, 0,0, 0,0, 0,0, 0,0, 0,0, 0,0, 0,0, 0,0, 0,0, 0,0, 0,0, 0,0, 0,0, 0,0, 0,0, 0,0, 0,0, 0,0, 0,0, 0,0, 0,0, 0,0, 0,0, 0,0, 0,0, 0,0, 0,0, 0,0, 0,0, 0,0, 0,0, 0,0, 0,0, 0,0, 0,0, 0,0, 0,0, 0,0, 0,0, 0,0, 0,0, 0,0, 0,0, 
}
